dataset,N,seed,p_err,non_equivariance,val_acc,val_aug_acc,training_time,epoch_time
nwpu,20,1,0,3,0.3999999998,0.449999999775,234.4272644519806,2.9303408056497573
nwpu,20,1,0,3,0.49999999975,0.449999999775,297.3010575771332,3.7162632197141647
eurosat,20,1,0,3,0.3999999998,0.3999999998,300.77926778793335,3.7597408473491667
mnist,20,1,0,3,0.5999999997,0.549999999725,302.52237129211426,3.7815296411514283
mnist,20,1,0,3,0.8499999995749999,0.749999999625,306.5367588996887,3.831709486246109
mnist,20,1,0,3,0.8499999995749999,0.6999999996499999,308.848477602005,3.8606059700250626
eurosat,20,1,0,3,0.3999999998,0.3999999998,325.7153513431549,4.071441891789436
eurosat,20,1,0,3,0.3999999998,0.3999999998,332.29123973846436,4.153640496730804
nwpu,20,1,0,3,0.549999999725,0.549999999725,336.7472538948059,4.209340673685074
eurosat,20,1,0,4,0.3999999998,0.3999999998,377.72635078430176,4.721579384803772
nwpu,20,1,0,4,0.3999999998,0.3999999998,386.8337297439575,4.835421621799469
mnist,20,1,0,4,0.549999999725,0.549999999725,392.96591806411743,4.9120739758014675
nwpu,20,1,0,4,0.29999999985,0.29999999985,407.46561074256897,5.093320134282112
mnist,20,1,0,4,0.549999999725,0.549999999725,418.6799280643463,5.233499100804329
eurosat,20,1,0,4,0.3999999998,0.3999999998,419.9170663356781,5.248963329195976
eurosat,20,1,0,4,0.3999999998,0.3999999998,421.4478259086609,5.268097823858261
mnist,20,1,0,4,0.549999999725,0.549999999725,421.8998281955719,5.273747852444648
nwpu,20,1,0,4,0.3999999998,0.3999999998,436.3042631149292,5.453803288936615
nwpu,40,1,0,3,0.42499999989375,0.42499999989375,525.0964996814728,6.56370624601841
nwpu,40,1,0,3,0.3999999999,0.3999999999,535.9657547473907,6.6995719343423845
nwpu,40,1,0,3,0.37499999990625,0.37499999990625,536.4700312614441,6.7058753907680515
mnist,40,1,0,3,0.52499999986875,0.52499999986875,548.1305847167969,6.851632308959961
eurosat,40,1,0,3,0.499999999875,0.499999999875,550.5995743274689,6.8824946790933605
mnist,40,1,0,3,0.92499999976875,0.8499999997875,552.2131958007812,6.9026649475097654
mnist,40,1,0,3,0.499999999875,0.499999999875,570.3534004688263,7.129417505860329
eurosat,40,1,0,3,0.499999999875,0.499999999875,574.7511670589447,7.184389588236809
eurosat,40,1,0,3,0.499999999875,0.499999999875,618.1840291023254,7.727300363779068
nwpu,40,1,0,4,0.37499999990625,0.37499999990625,620.5908522605896,7.75738565325737
mnist,40,1,0,4,0.499999999875,0.499999999875,725.047066450119,9.063088330626488
eurosat,40,1,0,4,0.499999999875,0.499999999875,754.3587067127228,9.429483833909035
mnist,40,1,0,4,0.499999999875,0.499999999875,635.9787137508392,7.949733921885491
nwpu,40,1,0,4,0.37499999990625,0.37499999990625,661.4641237258911,8.268301546573639
eurosat,40,1,0,4,0.499999999875,0.499999999875,684.5063133239746,8.556328916549683
eurosat,40,1,0,4,0.499999999875,0.499999999875,768.7841341495514,9.609801676869392
nwpu,40,1,0,4,0.37499999990625,0.37499999990625,837.4932036399841,10.468665045499801
mnist,40,1,0,4,0.499999999875,0.499999999875,849.2709257602692,10.615886572003365
nwpu,80,1,0,3,0.54999999993125,0.5374999999328125,951.623284816742,11.895291060209274
mnist,80,1,0,3,0.7874999999015626,0.64999999991875,1029.8420114517212,12.873025143146515
eurosat,80,1,0,3,0.42499999994687504,0.42499999994687504,1026.3546521663666,12.829433152079583
eurosat,80,1,0,3,0.42499999994687504,0.42499999994687504,1018.0634183883667,12.725792729854584
eurosat,80,1,0,3,0.42499999994687504,0.42499999994687504,1094.8788568973541,13.685985711216926
nwpu,80,1,0,3,0.5874999999265625,0.5124999999359375,1091.2848234176636,13.641060292720795
mnist,80,1,0,3,0.8499999998937501,0.7624999999046875,1158.961757659912,14.487021970748902
mnist,80,1,0,3,0.9124999998859376,0.7499999999062501,1195.095834493637,14.938697931170463
nwpu,80,1,0,3,0.5624999999296876,0.5249999999343751,1195.3252260684967,14.941565325856208
mnist,80,1,0,4,0.4874999999390625,0.4874999999390625,1344.3598093986511,16.80449761748314
nwpu,80,1,0,4,0.4874999999390625,0.4874999999390625,1296.409692287445,16.205121153593062
eurosat,80,1,0,4,0.42499999994687504,0.42499999994687504,1393.1368856430054,17.41421107053757
nwpu,80,1,0,4,0.5124999999359375,0.5124999999359375,1481.8369555473328,18.52296194434166
mnist,80,1,0,4,0.5999999999250001,0.5999999999250001,1472.657574415207,18.408219680190086
eurosat,80,1,0,4,0.42499999994687504,0.42499999994687504,1500.8263761997223,18.760329702496527
eurosat,80,1,0,4,0.42499999994687504,0.42499999994687504,1532.1162745952606,19.151453432440757
mnist,80,1,0,4,0.54999999993125,0.54999999993125,1539.9248914718628,19.249061143398286
nwpu,80,1,0,4,0.5374999999328125,0.5374999999328125,1577.501929283142,19.718774116039278
mnist,160,1,0,3,0.7812499999511718,0.6187499999613281,1917.917561531067,23.973969519138336
nwpu,160,1,0,3,0.5312499999667969,0.5187499999675781,1995.2575979232788,24.940719974040984
eurosat,160,1,0,3,0.4749999999703125,0.4749999999703125,1957.035652399063,24.46294565498829
mnist,160,1,0,3,0.7812499999511718,0.6562499999589844,2014.5114130973816,25.18139266371727
mnist,160,1,0,3,0.8624999999460937,0.7124999999554688,1816.8291838169098,22.71036479771137
eurosat,160,1,0,3,0.4749999999703125,0.4749999999703125,1803.6807606220245,22.546009507775306
nwpu,160,1,0,3,0.4687499999707031,0.48124999996992185,1845.1925325393677,23.064906656742096
eurosat,160,1,0,3,0.4749999999703125,0.4749999999703125,2361.3250184059143,29.51656273007393
nwpu,160,1,0,3,0.5249999999671875,0.5062499999683594,2397.772684574127,29.97215855717659
eurosat,160,1,0,4,0.4749999999703125,0.4749999999703125,2390.9953529834747,29.887441912293433
mnist,160,1,0,4,0.5124999999679687,0.5124999999679687,2750.2666833400726,34.378333541750905
mnist,160,1,0,4,0.5249999999671875,0.5249999999671875,2652.8511209487915,33.16063901185989
nwpu,160,1,0,4,0.549999999965625,0.549999999965625,2921.3617825508118,36.51702228188515
nwpu,160,1,0,4,0.549999999965625,0.549999999965625,2924.9338161945343,36.56167270243168
eurosat,160,1,0,4,0.48749999996953125,0.48749999996953125,2959.8424849510193,36.998031061887744
mnist,160,1,0,4,0.5437499999660156,0.5437499999660156,3119.506158351898,38.993826979398726
nwpu,160,1,0,4,0.5437499999660156,0.5437499999660156,3111.431004047394,38.89288755059242
eurosat,160,1,0,4,0.4749999999703125,0.4749999999703125,3237.1990299224854,40.46498787403107
nwpu,320,1,0,3,0.59499999997025,0.59499999997025,3729.841059923172,46.62301324903965
eurosat,320,1,0,3,0.4593749999856445,0.45624999998574217,3775.5424070358276,47.194280087947845
mnist,320,1,0,3,0.9249999999710937,0.7468749999766602,3899.776337623596,48.747204220294954
eurosat,320,1,0,3,0.45624999998574217,0.4593749999856445,4235.800449132919,52.94750561416149
eurosat,320,1,0,3,0.6812499999787109,0.6687499999791016,3865.7085802555084,48.32135725319385
mnist,320,1,0,3,0.9499999999703125,0.818749999974414,4407.012814044952,55.08766017556191
nwpu,320,1,0,3,0.57499999997125,0.559999999972,4457.083406448364,55.71354258060455
nwpu,320,1,0,3,0.55499999997225,0.55499999997225,4120.0354833602905,51.50044354200363
mnist,320,1,0,3,0.9531249999702148,0.8218749999743163,4528.940120220184,56.611751502752305
eurosat,320,1,0,4,0.4499999999859375,0.4499999999859375,5322.975645065308,66.53719556331635
mnist,320,1,0,4,0.5937499999814453,0.5937499999814453,5533.881485939026,69.17351857423782
nwpu,320,1,0,4,0.6899999999655,0.6899999999655,5727.155170679092,71.58943963348865
nwpu,320,1,0,4,0.719999999964,0.719999999964,5312.74249458313,66.40928118228912
eurosat,320,1,0,4,0.4499999999859375,0.4499999999859375,5367.34791469574,67.09184893369675
nwpu,320,1,0,4,0.63499999996825,0.63499999996825,5554.4410717487335,69.43051339685917
mnist,320,1,0,4,0.8468749999735351,0.8468749999735351,5674.689554929733,70.93361943662167
eurosat,320,1,0,4,0.4499999999859375,0.4499999999859375,5838.519446134567,72.98149307668209
mnist,320,1,0,4,0.818749999974414,0.818749999974414,6239.2775638103485,77.99096954762936
eurosat,640,1,0,3,0.5187499999918945,0.5124999999919921,7706.496801376343,96.33121001720428
mnist,640,1,0,3,0.9562499999850586,0.7749999999878906,8231.764874458313,102.89706093072891
eurosat,640,1,0,3,0.5218749999918457,0.5140624999919677,7308.456100702286,91.35570125877857
mnist,640,1,0,3,0.8656249999864746,0.7031249999890137,7790.059116840363,97.37573896050453
nwpu,640,1,0,3,0.6749999999662499,0.6699999999665,7713.16201543808,96.414525192976
nwpu,640,1,0,3,0.56499999997175,0.57499999997125,8100.568640470505,101.2571080058813
eurosat,640,1,0,3,0.5031249999921387,0.5031249999921387,7942.584928035736,99.2823116004467
mnist,640,1,0,3,0.9609374999849853,0.8046874999874267,8374.532940387726,104.68166175484657
nwpu,640,1,0,3,0.60499999996975,0.62499999996875,9519.752024412155,118.99690030515194
mnist,20,2,0,3,0.5999999997,0.549999999725,304.2588212490082,3.803235265612602
nwpu,20,2,0,3,0.449999999775,0.449999999775,296.51756405830383,3.706469550728798
eurosat,20,2,0,3,0.3999999998,0.3999999998,292.2970714569092,3.6537133932113646
mnist,20,2,0,3,0.749999999625,0.649999999675,312.61765336990356,3.9077206671237947
nwpu,20,2,0,3,0.449999999775,0.3999999998,298.69465923309326,3.733683240413666
eurosat,20,2,0,3,0.3999999998,0.3999999998,295.46858644485474,3.6933573305606844
mnist,20,2,0,3,0.8499999995749999,0.749999999625,307.11792635917664,3.838974079489708
nwpu,20,2,0,3,0.749999999625,0.6999999996499999,294.4450671672821,3.680563339591026
eurosat,20,2,0,3,0.3999999998,0.3999999998,297.6809232234955,3.7210115402936936
mnist,20,2,0,4,0.549999999725,0.549999999725,371.51734590530396,4.643966823816299
nwpu,20,2,0,4,0.34999999982499996,0.34999999982499996,377.79662346839905,4.722457793354988
eurosat,20,2,0,4,0.3999999998,0.3999999998,370.7883152961731,4.634853941202164
mnist,20,2,0,4,0.549999999725,0.549999999725,394.23712849617004,4.9279641062021255
nwpu,20,2,0,4,0.449999999775,0.449999999775,397.9731676578522,4.974664595723152
eurosat,20,2,0,4,0.3999999998,0.3999999998,389.5821659564972,4.8697770744562145
mnist,20,2,0,4,0.549999999725,0.549999999725,410.15137672424316,5.1268922090530396
nwpu,20,2,0,4,0.449999999775,0.449999999775,417.77454113960266,5.222181764245033
eurosat,20,2,0,4,0.3999999998,0.3999999998,408.7394802570343,5.109243503212928
eurosat,640,1,0,4,0.5218749999918457,0.5218749999918457,10181.761908531189,127.27202385663986
mnist,40,2,0,3,0.499999999875,0.499999999875,586.5945539474487,7.332431924343109
nwpu,40,2,0,3,0.3999999999,0.3999999999,594.4089949131012,7.430112436413765
eurosat,40,2,0,3,0.499999999875,0.499999999875,583.4051985740662,7.292564982175827
nwpu,640,1,0,4,0.63499999996825,0.63499999996825,10821.113379478455,135.26391724348068
mnist,40,2,0,3,0.52499999986875,0.52499999986875,470.16662096977234,5.877082762122154
mnist,640,1,0,4,0.618749999990332,0.618749999990332,10884.425367832184,136.0553170979023
nwpu,40,2,0,3,0.37499999990625,0.37499999990625,592.8079047203064,7.41009880900383
eurosat,40,2,0,3,0.499999999875,0.499999999875,588.4948930740356,7.356186163425446
mnist,40,2,0,3,0.77499999980625,0.7499999998125,596.4433722496033,7.4555421531200405
nwpu,40,2,0,3,0.42499999989375,0.42499999989375,603.6566903591156,7.545708629488945
eurosat,40,2,0,3,0.499999999875,0.499999999875,481.14310455322266,6.014288806915284
nwpu,640,1,0,4,0.6449999999677499,0.6449999999677499,10604.16767859459,132.55209598243238
mnist,40,2,0,4,0.499999999875,0.499999999875,732.7274315357208,9.15909289419651
nwpu,40,2,0,4,0.37499999990625,0.37499999990625,738.3378372192383,9.229222965240478
eurosat,40,2,0,4,0.499999999875,0.499999999875,758.1859486103058,9.477324357628822
mnist,40,2,0,4,0.499999999875,0.499999999875,777.5544219017029,9.719430273771286
eurosat,40,2,0,4,0.499999999875,0.499999999875,644.1249625682831,8.051562032103538
nwpu,40,2,0,4,0.37499999990625,0.37499999990625,822.3377161026001,10.2792214512825
mnist,640,1,0,4,0.8703124999864014,0.8703124999864014,11357.524857521057,141.9690607190132
mnist,40,2,0,4,0.499999999875,0.499999999875,837.2617483139038,10.465771853923798
eurosat,640,1,0,4,0.5218749999918457,0.5218749999918457,11247.279154539108,140.59098943173885
nwpu,40,2,0,4,0.37499999990625,0.37499999990625,817.8178970813751,10.222723713517189
eurosat,40,2,0,4,0.499999999875,0.499999999875,823.7246825695038,10.296558532118798
eurosat,80,2,0,3,0.42499999994687504,0.42499999994687504,869.678385257721,10.870979815721512
mnist,640,1,0,4,0.9140624999857178,0.9140624999857178,11743.389303445816,146.7923662930727
nwpu,640,1,0,4,0.6149999999692499,0.6149999999692499,11822.21025276184,147.777628159523
mnist,80,2,0,3,0.7874999999015626,0.64999999991875,1198.9232711791992,14.98654088973999
nwpu,80,2,0,3,0.5374999999328125,0.47499999994062503,1188.220454454422,14.852755680680275
mnist,80,2,0,3,0.9249999998843751,0.724999999909375,1043.5458686351776,13.04432335793972
nwpu,80,2,0,3,0.5874999999265625,0.5374999999328125,890.0659158229828,11.125823947787286
mnist,80,2,0,3,0.6874999999140625,0.6374999999203126,1069.608508348465,13.370106354355812
eurosat,80,2,0,3,0.42499999994687504,0.42499999994687504,1198.9893276691437,14.987366595864296
nwpu,80,2,0,3,0.5999999999250001,0.5249999999343751,1195.2409498691559,14.940511873364448
eurosat,80,2,0,3,0.47499999994062503,0.49999999993750005,1132.1382060050964,14.151727575063706
eurosat,640,1,0,4,0.5234374999918213,0.5234374999918213,12375.529578447342,154.69411973059178
mnist,80,2,0,4,0.4874999999390625,0.4874999999390625,1177.0144667625427,14.712680834531785
nwpu,80,2,0,4,0.4874999999390625,0.4874999999390625,1210.1181480884552,15.12647685110569
eurosat,80,2,0,4,0.42499999994687504,0.42499999994687504,1343.049659729004,16.78812074661255
mnist,80,2,0,4,0.49999999993750005,0.49999999993750005,1329.9872708320618,16.624840885400772
eurosat,80,2,0,4,0.42499999994687504,0.42499999994687504,1442.8450441360474,18.035563051700592
nwpu,80,2,0,4,0.5124999999359375,0.5124999999359375,1554.0291209220886,19.425364011526106
mnist,80,2,0,4,0.6124999999234375,0.6124999999234375,1586.5220890045166,19.831526112556457
nwpu,80,2,0,4,0.5249999999343751,0.5249999999343751,1452.5358877182007,18.156698596477508
eurosat,80,2,0,4,0.42499999994687504,0.42499999994687504,1686.8059055805206,21.08507381975651
eurosat,160,2,0,3,0.48124999996992185,0.48124999996992185,2110.501046895981,26.38126308619976
mnist,160,2,0,3,0.7749999999515624,0.6249999999609375,1904.0513129234314,23.80064141154289
mnist,160,2,0,3,0.7812499999511718,0.6562499999589844,2366.535225391388,29.58169031739235
nwpu,160,2,0,3,0.5249999999671875,0.48124999996992185,2305.964422225952,28.824555277824402
nwpu,160,2,0,3,0.5312499999667969,0.49999999996875,1860.2468540668488,23.25308567583561
mnist,1280,1,0,3,0.959374999992505,0.7914062499938173,14841.28265619278,185.51603320240974
mnist,160,2,0,3,0.8624999999460937,0.7124999999554688,1795.1619772911072,22.43952471613884
eurosat,160,2,0,3,0.549999999965625,0.5312499999667969,2200.901976585388,27.51127470731735
nwpu,160,2,0,3,0.48124999996992185,0.42499999997343746,2052.5750164985657,25.657187706232072
nwpu,1280,1,0,3,0.6449999999677499,0.65499999996725,15469.8475420475,193.37309427559376
eurosat,160,2,0,3,0.5937499999628906,0.6062499999621094,2372.696856737137,29.658710709214212
nwpu,1280,1,0,3,0.62499999996875,0.6149999999692499,14087.066087722778,176.08832609653473
nwpu,160,2,0,4,0.5562499999652344,0.5562499999652344,2589.6123988628387,32.37015498578548
eurosat,1280,1,0,3,0.479999999996,0.47916666666267366,15511.933966636658,193.8991745829582
mnist,160,2,0,4,0.5124999999679687,0.5124999999679687,2989.515913963318,37.36894892454147
eurosat,160,2,0,4,0.4749999999703125,0.4749999999703125,2935.1807408332825,36.68975926041603
mnist,1280,1,0,3,0.9624999999924806,0.7593749999940674,15548.642805576324,194.35803506970404
nwpu,160,2,0,4,0.5562499999652344,0.5562499999652344,2575.1286675930023,32.189108344912526
eurosat,1280,1,0,3,0.49333333332922225,0.48833333332926393,15040.035605192184,188.0004450649023
mnist,160,2,0,4,0.5062499999683594,0.5062499999683594,3011.0602667331696,37.63825333416462
nwpu,160,2,0,4,0.6187499999613281,0.6187499999613281,2878.1605880260468,35.977007350325586
eurosat,160,2,0,4,0.4749999999703125,0.4749999999703125,3029.8562541007996,37.87320317625999
mnist,160,2,0,4,0.5437499999660156,0.5437499999660156,3112.05513715744,38.900689214468
eurosat,160,2,0,4,0.4749999999703125,0.4749999999703125,3059.325514316559,38.24156892895699
eurosat,1280,1,0,3,0.47916666666267366,0.47916666666267366,16154.697103738785,201.93371379673482
nwpu,1280,1,0,3,0.6749999999662499,0.659999999967,17003.003273010254,212.53754091262817
mnist,1280,1,0,3,0.9609374999924928,0.8093749999936768,16525.033352851868,206.56291691064834
mnist,320,2,0,3,0.9499999999703125,0.818749999974414,3620.283301115036,45.25354126393795
nwpu,320,2,0,3,0.57499999997125,0.5799999999709999,3928.9412875175476,49.111766093969344
mnist,320,2,0,3,0.918749999971289,0.7874999999753906,3874.993462562561,48.43741828203201
eurosat,320,2,0,3,0.5968749999813476,0.5593749999825195,3529.155722141266,44.114446526765825
eurosat,320,2,0,3,0.4656249999854492,0.4656249999854492,4108.090411424637,51.35113014280796
nwpu,320,2,0,3,0.69499999996525,0.68499999996575,4598.602228403091,57.48252785503864
mnist,320,2,0,3,0.9624999999699219,0.8218749999743163,4394.56786942482,54.93209836781025
nwpu,320,2,0,3,0.60499999996975,0.60499999996975,4547.921604156494,56.849020051956174
eurosat,320,2,0,3,0.48124999998496093,0.46874999998535155,4535.477393865585,56.69346742331982
nwpu,1280,1,0,4,0.6149999999692499,0.6149999999692499,19146.87780714035,239.33597258925437
eurosat,320,2,0,4,0.4499999999859375,0.4499999999859375,4782.882961988449,59.78603702485562
mnist,320,2,0,4,0.5937499999814453,0.5937499999814453,5603.425492763519,70.042818659544
nwpu,320,2,0,4,0.6749999999662499,0.6749999999662499,5510.306328058243,68.87882910072804
mnist,320,2,0,4,0.8468749999735351,0.8468749999735351,5320.826824903488,66.5103353112936
eurosat,320,2,0,4,0.4499999999859375,0.4499999999859375,5586.807853221893,69.83509816527366
nwpu,320,2,0,4,0.6749999999662499,0.6749999999662499,5783.933100938797,72.29916376173496
mnist,320,2,0,4,0.8687499999728515,0.8687499999728515,6014.340615510941,75.17925769388675
nwpu,320,2,0,4,0.6899999999655,0.6899999999655,6083.199957847595,76.03999947309494
eurosat,320,2,0,4,0.4499999999859375,0.4499999999859375,5822.768102884293,72.78460128605366
mnist,1280,1,0,4,0.6156249999951905,0.6156249999951905,21611.351497888565,270.14189372360704
eurosat,1280,1,0,4,0.5324999999955625,0.5324999999955625,21300.27577471733,266.2534471839666
nwpu,1280,1,0,4,0.6299999999685,0.6299999999685,20769.596947193146,259.6199618399143
mnist,640,2,0,3,0.9562499999850586,0.7749999999878906,7519.229714393616,93.9903714299202
eurosat,640,2,0,3,0.5249999999917969,0.5203124999918701,7629.353400230408,95.3669175028801
mnist,640,2,0,3,0.8109374999873291,0.7124999999888671,7781.121703386307,97.26402129232883
mnist,640,2,0,3,0.9656249999849121,0.8062499999874023,7442.969323396683,93.03711654245853
nwpu,1280,1,0,4,0.62499999996875,0.62499999996875,21762.89488363266,272.0361860454083
eurosat,1280,1,0,4,0.4724999999960625,0.4724999999960625,21579.96014356613,269.74950179457664
eurosat,640,2,0,3,0.5234374999918213,0.5187499999918945,7779.839595556259,97.24799494445324
nwpu,640,2,0,3,0.6699999999665,0.6699999999665,8077.9833216667175,100.97479152083397
nwpu,640,2,0,3,0.659999999967,0.6449999999677499,8124.773927927017,101.55967409908772
nwpu,640,2,0,3,0.6749999999662499,0.66499999996675,9359.518411874771,116.99398014843464
mnist,1280,1,0,4,0.8929687499930238,0.8929687499930238,22825.19919848442,285.31498998105525
mnist,1280,1,0,4,0.8992187499929749,0.8992187499929749,23914.11313033104,298.926414129138
mnist,20,3,0,3,0.5999999997,0.549999999725,213.99918055534363,2.6749897569417955
nwpu,20,3,0,3,0.49999999975,0.49999999975,216.7440640926361,2.7093008011579514
eurosat,640,2,0,3,0.5203124999918701,0.5218749999918457,9512.591300487518,118.90739125609397
eurosat,20,3,0,3,0.3999999998,0.3999999998,216.46633577346802,2.70582919716835
eurosat,1280,1,0,4,0.5274999999956043,0.5274999999956043,23645.128356456757,295.56410445570947
mnist,20,3,0,3,0.749999999625,0.649999999675,289.5114805698395,3.6188935071229933
nwpu,20,3,0,3,0.549999999725,0.549999999725,219.30279159545898,2.741284894943237
eurosat,20,3,0,3,0.3999999998,0.3999999998,253.09409713745117,3.16367621421814
nwpu,20,3,0,3,0.549999999725,0.49999999975,221.75152206420898,2.771894025802612
mnist,20,3,0,3,0.5999999997,0.5999999997,291.91664361953735,3.6489580452442167
eurosat,20,3,0,3,0.3999999998,0.3999999998,257.79553723335266,3.222444215416908
mnist,20,3,0,4,0.549999999725,0.549999999725,292.1995806694031,3.6524947583675385
nwpu,20,3,0,4,0.34999999982499996,0.34999999982499996,367.89682030677795,4.598710253834724
eurosat,20,3,0,4,0.3999999998,0.3999999998,328.44138073921204,4.10551725924015
mnist,20,3,0,4,0.549999999725,0.549999999725,311.00392627716064,3.887549078464508
nwpu,640,2,0,4,0.679999999966,0.679999999966,10542.952243566513,131.7869030445814
eurosat,20,3,0,4,0.3999999998,0.3999999998,344.8701808452606,4.310877260565758
nwpu,20,3,0,4,0.5999999997,0.5999999997,387.26154494285583,4.840769311785698
mnist,20,3,0,4,0.549999999725,0.549999999725,328.7958962917328,4.10994870364666
nwpu,20,3,0,4,0.29999999985,0.29999999985,404.94368052482605,5.061796006560326
eurosat,640,2,0,4,0.5218749999918457,0.5218749999918457,10541.361581087112,131.7670197635889
eurosat,20,3,0,4,0.3999999998,0.3999999998,363.4172086715698,4.5427151083946224
mnist,40,3,0,3,0.499999999875,0.499999999875,573.570478439331,7.169630980491638
nwpu,40,3,0,3,0.3999999999,0.3999999999,430.46639037132263,5.380829879641533
nwpu,40,3,0,3,0.37499999990625,0.37499999990625,446.0854103565216,5.57606762945652
mnist,40,3,0,3,0.52499999986875,0.52499999986875,543.826851606369,6.797835645079613
eurosat,40,3,0,3,0.499999999875,0.499999999875,570.8975055217743,7.1362188190221785
mnist,40,3,0,3,0.77499999980625,0.7499999998125,481.6228277683258,6.020285347104073
eurosat,40,3,0,3,0.499999999875,0.499999999875,577.1439819335938,7.2142997741699215
mnist,640,2,0,4,0.9046874999858643,0.9046874999858643,10878.071096658707,135.97588870823384
mnist,640,2,0,4,0.618749999990332,0.618749999990332,11909.077832460403,148.86347290575503
nwpu,40,3,0,3,0.3999999999,0.3999999999,515.900309085846,6.448753863573074
eurosat,40,3,0,3,0.499999999875,0.499999999875,511.41510939598083,6.392688867449761
nwpu,640,2,0,4,0.6399999999679999,0.6399999999679999,10871.536881923676,135.89421102404594
mnist,40,3,0,4,0.499999999875,0.499999999875,706.7202980518341,8.834003725647927
nwpu,40,3,0,4,0.37499999990625,0.37499999990625,579.5117719173431,7.24389714896679
eurosat,40,3,0,4,0.499999999875,0.499999999875,729.1365854740143,9.114207318425178
mnist,40,3,0,4,0.499999999875,0.499999999875,643.0466134548187,8.038082668185234
eurosat,40,3,0,4,0.499999999875,0.499999999875,689.8086721897125,8.622608402371407
nwpu,40,3,0,4,0.37499999990625,0.37499999990625,732.4404726028442,9.155505907535552
mnist,40,3,0,4,0.499999999875,0.499999999875,797.7019970417023,9.971274963021278
nwpu,40,3,0,4,0.37499999990625,0.37499999990625,704.2336473464966,8.802920591831207
eurosat,40,3,0,4,0.499999999875,0.499999999875,771.6336867809296,9.645421084761619
eurosat,640,2,0,4,0.5218749999918457,0.5218749999918457,11257.569274902344,140.7196159362793
nwpu,640,2,0,4,0.6749999999662499,0.6749999999662499,11227.525067329407,140.34406334161758
mnist,80,3,0,3,0.7874999999015626,0.64999999991875,959.6733980178833,11.995917475223541
eurosat,80,3,0,3,0.42499999994687504,0.42499999994687504,898.8484735488892,11.235605919361115
nwpu,80,3,0,3,0.5374999999328125,0.5124999999359375,1155.2780787944794,14.440975984930992
mnist,80,3,0,3,0.9249999998843751,0.724999999909375,1062.278058052063,13.278475725650788
nwpu,80,3,0,3,0.54999999993125,0.5124999999359375,1096.50283908844,13.706285488605499
mnist,80,3,0,3,0.8499999998937501,0.7624999999046875,983.5059008598328,12.293823760747909
eurosat,80,3,0,3,0.42499999994687504,0.42499999994687504,1149.049331188202,14.363116639852525
mnist,640,2,0,4,0.9140624999857178,0.9140624999857178,11880.901634216309,148.51127042770386
nwpu,80,3,0,3,0.574999999928125,0.49999999993750005,1100.6097075939178,13.757621344923972
eurosat,640,2,0,4,0.5218749999918457,0.5218749999918457,11585.038288593292,144.81297860741614
eurosat,80,3,0,3,0.42499999994687504,0.42499999994687504,1152.5918385982513,14.407397982478141
mnist,80,3,0,4,0.4874999999390625,0.4874999999390625,1172.208023071289,14.652600288391113
nwpu,80,3,0,4,0.5124999999359375,0.5124999999359375,1175.4183988571167,14.692729985713958
eurosat,80,3,0,4,0.42499999994687504,0.42499999994687504,1208.6264674663544,15.10783084332943
nwpu,80,3,0,4,0.49999999993750005,0.49999999993750005,1391.6820249557495,17.396025311946868
mnist,80,3,0,4,0.54999999993125,0.54999999993125,1383.3980178833008,17.29247522354126
eurosat,80,3,0,4,0.42499999994687504,0.42499999994687504,1482.2203934192657,18.527754917740822
mnist,80,3,0,4,0.5999999999250001,0.5999999999250001,1542.7977821826935,19.284972277283668
eurosat,80,3,0,4,0.42499999994687504,0.42499999994687504,1473.2055208683014,18.415069010853767
nwpu,80,3,0,4,0.4874999999390625,0.4874999999390625,1595.4394989013672,19.94299373626709
mnist,160,3,0,3,0.7749999999515624,0.6249999999609375,1799.818675994873,22.497733449935915
nwpu,160,3,0,3,0.49999999996875,0.4937499999691406,1968.843677997589,24.610545974969863
nwpu,160,3,0,3,0.5062499999683594,0.4937499999691406,1789.5633149147034,22.369541436433792
mnist,160,3,0,3,0.7124999999554688,0.5937499999628906,2295.6622817516327,28.69577852189541
eurosat,160,3,0,3,0.4749999999703125,0.4749999999703125,2148.9362845420837,26.861703556776046
eurosat,160,3,0,3,0.4437499999722656,0.45624999997148435,1898.6147553920746,23.73268444240093
nwpu,1280,2,0,3,0.659999999967,0.68499999996575,13781.470857858658,172.26838572323322
nwpu,160,3,0,3,0.4687499999707031,0.44999999997187495,1803.5845520496368,22.54480690062046
nwpu,1280,2,0,3,0.659999999967,0.659999999967,14452.64801979065,180.65810024738312
mnist,160,3,0,3,0.8624999999460937,0.7124999999554688,2308.0425384044647,28.85053173005581
eurosat,160,3,0,3,0.5374999999664062,0.5249999999671875,2296.113124847412,28.70141406059265
nwpu,160,3,0,4,0.5562499999652344,0.5562499999652344,2534.6077058315277,31.682596322894096
mnist,1280,2,0,3,0.959374999992505,0.7914062499938173,15277.13646531105,190.96420581638813
mnist,160,3,0,4,0.5124999999679687,0.5124999999679687,2920.5925011634827,36.50740626454353
mnist,1280,2,0,3,0.7234374999943483,0.611718749995221,14902.578293085098,186.28222866356373
eurosat,1280,2,0,3,0.48666666666261116,0.48583333332928474,15010.065464019775,187.6258183002472
eurosat,160,3,0,4,0.4749999999703125,0.4749999999703125,2864.692014694214,35.80865018367767
mnist,160,3,0,4,0.5249999999671875,0.5249999999671875,2499.83678150177,31.247959768772127
eurosat,160,3,0,4,0.49999999996875,0.49999999996875,2528.415107727051,31.605188846588135
eurosat,1280,2,0,3,0.4824999999959792,0.48166666666265284,15165.373130559921,189.56716413199902
nwpu,160,3,0,4,0.5562499999652344,0.5562499999652344,2700.541694164276,33.75677117705345
eurosat,160,3,0,4,0.4749999999703125,0.4749999999703125,2719.1726908683777,33.989658635854724
mnist,160,3,0,4,0.5437499999660156,0.5437499999660156,3123.865445613861,39.048318070173266
nwpu,160,3,0,4,0.5562499999652344,0.5562499999652344,3212.573388338089,40.15716735422611
nwpu,1280,2,0,3,0.6149999999692499,0.6099999999694999,15619.56246471405,195.24453080892562
nwpu,320,3,0,3,0.59499999997025,0.6149999999692499,3618.321309328079,45.22901636660099
mnist,320,3,0,3,0.9499999999703125,0.818749999974414,3759.590941429138,46.99488676786423
eurosat,320,3,0,3,0.4656249999854492,0.46249999998554686,3977.451117515564,49.71813896894455
nwpu,320,3,0,3,0.6099999999694999,0.59499999997025,3867.8826129436493,48.348532661795616
eurosat,1280,2,0,3,0.499166666662507,0.4924999999958959,16201.615994215012,202.52019992768766
mnist,320,3,0,3,0.9249999999710937,0.7468749999766602,4496.675179719925,56.20843974649906
eurosat,320,3,0,3,0.4156249999870117,0.3843749999879883,3855.1433074474335,48.18929134309292
mnist,1280,2,0,3,0.9609374999924928,0.8093749999936768,17226.50790333748,215.33134879171848
eurosat,320,3,0,3,0.5531249999827148,0.5499999999828125,4406.988578081131,55.087357226014134
mnist,320,3,0,3,0.9624999999699219,0.8218749999743163,4368.260976791382,54.60326220989227
nwpu,320,3,0,3,0.59499999997025,0.57499999997125,4582.802819013596,57.285035237669945
eurosat,320,3,0,4,0.4499999999859375,0.4499999999859375,4627.731274604797,57.846640932559964
mnist,320,3,0,4,0.5937499999814453,0.5937499999814453,5207.14307975769,65.08928849697114
nwpu,320,3,0,4,0.6749999999662499,0.6749999999662499,5667.577799320221,70.84472249150276
nwpu,320,3,0,4,0.699999999965,0.699999999965,5349.276325702667,66.86595407128334
mnist,320,3,0,4,0.8468749999735351,0.8468749999735351,5662.900713443756,70.78625891804695
eurosat,320,3,0,4,0.5499999999828125,0.5499999999828125,5693.238294839859,71.16547868549824
nwpu,1280,2,0,4,0.7049999999647499,0.7049999999647499,19080.14182806015,238.50177285075188
mnist,320,3,0,4,0.6312499999802734,0.6312499999802734,5964.202442884445,74.55253053605557
nwpu,320,3,0,4,0.7049999999647499,0.7049999999647499,5893.857803821564,73.67322254776954
eurosat,320,3,0,4,0.4499999999859375,0.4499999999859375,6331.99960231781,79.14999502897263
eurosat,1280,2,0,4,0.5233333333289722,0.5233333333289722,20028.563178539276,250.35703973174094
mnist,1280,2,0,4,0.6156249999951905,0.6156249999951905,20970.664315462112,262.1333039432764
mnist,640,3,0,3,0.9562499999850586,0.7749999999878906,7145.2884838581085,89.31610604822636
eurosat,640,3,0,3,0.5124999999919921,0.5140624999919677,7013.554497718811,87.66943122148514
nwpu,640,3,0,3,0.6149999999692499,0.65499999996725,7427.601494312286,92.84501867890359
nwpu,1280,2,0,4,0.65499999996725,0.65499999996725,21973.8127682209,274.67265960276126
mnist,1280,2,0,4,0.8921874999930298,0.8921874999930298,22427.478222370148,280.3434777796268
nwpu,640,3,0,3,0.6749999999662499,0.69499999996525,7644.163976430893,95.55204970538617
nwpu,1280,2,0,4,0.68499999996575,0.68499999996575,22809.224342107773,285.11530427634716
eurosat,1280,2,0,4,0.479999999996,0.479999999996,22681.885618925095,283.52357023656367
eurosat,640,3,0,3,0.599999999990625,0.581249999990918,7639.036092758179,95.48795115947723
eurosat,640,3,0,3,0.5062499999920899,0.49843749999221193,7300.661471605301,91.25826839506627
nwpu,640,3,0,3,0.5899999999705,0.59499999997025,7705.084511756897,96.31355639696122
mnist,640,3,0,3,0.6468749999898926,0.5624999999912109,8308.986804962158,103.86233506202697
mnist,1280,2,0,4,0.9132812499928651,0.9132812499928651,23406.415905714035,292.5801988214254
mnist,20,4,0,3,0.5999999997,0.549999999725,264.28006887435913,3.303500860929489
mnist,640,3,0,3,0.9796874999846924,0.8062499999874023,8761.77035498619,109.52212943732738
nwpu,20,4,0,3,0.49999999975,0.449999999775,255.40961289405823,3.1926201611757277
eurosat,20,4,0,3,0.3999999998,0.3999999998,281.4228558540344,3.5177856981754303
mnist,20,4,0,3,0.5999999997,0.5999999997,266.4966251850128,3.33120781481266
nwpu,20,4,0,3,0.449999999775,0.249999999875,285.9239706993103,3.574049633741379
eurosat,1280,2,0,4,0.6599999999945001,0.6599999999945001,24057.314207553864,300.7164275944233
eurosat,20,4,0,3,0.3999999998,0.3999999998,255.7672336101532,3.197090420126915
nwpu,20,4,0,3,0.649999999675,0.5999999997,247.22974467277527,3.090371808409691
mnist,20,4,0,3,0.649999999675,0.5999999997,287.6470947265625,3.5955886840820312
eurosat,20,4,0,3,0.3999999998,0.3999999998,258.51420974731445,3.231427621841431
mnist,20,4,0,4,0.549999999725,0.549999999725,327.42383432388306,4.092797929048539
nwpu,20,4,0,4,0.3999999998,0.3999999998,359.83032155036926,4.497879019379615
eurosat,20,4,0,4,0.3999999998,0.3999999998,331.51285791397095,4.143910723924637
mnist,20,4,0,4,0.549999999725,0.549999999725,333.74843883514404,4.1718554854393
nwpu,20,4,0,4,0.49999999975,0.49999999975,377.64604353904724,4.72057554423809
eurosat,20,4,0,4,0.3999999998,0.3999999998,353.53242444992065,4.419155305624008
mnist,20,4,0,4,0.549999999725,0.549999999725,385.6239712238312,4.82029964029789
eurosat,20,4,0,4,0.3999999998,0.3999999998,369.47493147850037,4.618436643481255
nwpu,20,4,0,4,0.449999999775,0.449999999775,398.2085635662079,4.977607044577598
mnist,40,4,0,3,0.499999999875,0.499999999875,564.3984265327454,7.054980331659317
nwpu,40,4,0,3,0.37499999990625,0.37499999990625,553.8906178474426,6.923632723093033
eurosat,40,4,0,3,0.499999999875,0.499999999875,568.3254971504211,7.104068714380264
eurosat,640,3,0,4,0.5218749999918457,0.5218749999918457,10766.406578302383,134.5800822287798
mnist,40,4,0,3,0.52499999986875,0.52499999986875,563.6578345298767,7.045722931623459
nwpu,40,4,0,3,0.37499999990625,0.37499999990625,558.1075851917267,6.976344814896583
nwpu,640,3,0,4,0.6099999999694999,0.6099999999694999,11515.628264188766,143.9453533023596
eurosat,40,4,0,3,0.499999999875,0.499999999875,575.3824326992035,7.192280408740044
mnist,40,4,0,3,0.92499999976875,0.8499999997875,527.9138295650482,6.598922869563102
mnist,640,3,0,4,0.9046874999858643,0.9046874999858643,10710.360953569412,133.87951191961764
nwpu,640,3,0,4,0.7049999999647499,0.7049999999647499,10888.848437070847,136.11060546338558
nwpu,40,4,0,3,0.37499999990625,0.37499999990625,556.3058505058289,6.953823131322861
eurosat,40,4,0,3,0.499999999875,0.499999999875,560.9575004577637,7.011968755722046
mnist,640,3,0,4,0.618749999990332,0.618749999990332,12077.495714902878,150.96869643628597
mnist,40,4,0,4,0.499999999875,0.499999999875,686.4158334732056,8.58019791841507
nwpu,40,4,0,4,0.37499999990625,0.37499999990625,725.9539759159088,9.07442469894886
mnist,40,4,0,4,0.499999999875,0.499999999875,609.9180018901825,7.623975023627281
eurosat,40,4,0,4,0.499999999875,0.499999999875,639.5680921077728,7.99460115134716
nwpu,40,4,0,4,0.37499999990625,0.37499999990625,664.2502496242523,8.303128120303153
eurosat,40,4,0,4,0.499999999875,0.499999999875,726.57088804245,9.082136100530624
mnist,40,4,0,4,0.499999999875,0.499999999875,792.7129275798798,9.908911594748497
nwpu,40,4,0,4,0.37499999990625,0.37499999990625,754.6324326992035,9.432905408740044
eurosat,40,4,0,4,0.499999999875,0.499999999875,763.0362238883972,9.537952798604966
eurosat,640,3,0,4,0.5046874999921143,0.5046874999921143,11228.730742454529,140.35913428068162
nwpu,640,3,0,4,0.6149999999692499,0.6149999999692499,11036.150661230087,137.9518832653761
nwpu,80,4,0,3,0.54999999993125,0.5124999999359375,860.8128306865692,10.760160383582114
mnist,80,4,0,3,0.7874999999015626,0.64999999991875,1132.748055934906,14.159350699186325
eurosat,80,4,0,3,0.42499999994687504,0.42499999994687504,1136.5485756397247,14.206857195496559
mnist,640,3,0,4,0.818749999987207,0.818749999987207,11763.804498672485,147.04755623340606
mnist,80,4,0,3,0.9249999998843751,0.724999999909375,1018.1053612232208,12.72631701529026
nwpu,80,4,0,3,0.5624999999296876,0.5374999999328125,1129.19993019104,14.114999127388
eurosat,80,4,0,3,0.42499999994687504,0.42499999994687504,1094.4135687351227,13.680169609189033
eurosat,80,4,0,3,0.42499999994687504,0.42499999994687504,1018.8164300918579,12.735205376148224
mnist,80,4,0,3,0.9249999998843751,0.7999999999,1081.3705186843872,13.51713148355484
nwpu,80,4,0,3,0.5874999999265625,0.5249999999343751,1090.885485649109,13.636068570613862
eurosat,640,3,0,4,0.5234374999918213,0.5234374999918213,11747.091809749603,146.83864762187005
mnist,80,4,0,4,0.4874999999390625,0.4874999999390625,1161.734526872635,14.521681585907936
nwpu,80,4,0,4,0.4874999999390625,0.4874999999390625,1172.498699426651,14.656233742833138
eurosat,80,4,0,4,0.42499999994687504,0.42499999994687504,1460.0225148200989,18.250281435251235
nwpu,80,4,0,4,0.5249999999343751,0.5249999999343751,1273.240539073944,15.915506738424302
eurosat,80,4,0,4,0.42499999994687504,0.42499999994687504,1337.3249914646149,16.716562393307687
mnist,80,4,0,4,0.6124999999234375,0.6124999999234375,1553.611897468567,19.420148718357087
eurosat,80,4,0,4,0.42499999994687504,0.42499999994687504,1463.3310685157776,18.29163835644722
mnist,80,4,0,4,0.574999999928125,0.574999999928125,1619.8277251720428,20.247846564650537
nwpu,80,4,0,4,0.5124999999359375,0.5124999999359375,1547.4834306240082,19.3435428828001
mnist,160,4,0,3,0.7812499999511718,0.6249999999609375,1756.650096654892,21.95812620818615
eurosat,160,4,0,3,0.48749999996953125,0.48749999996953125,1979.431334733963,24.742891684174538
mnist,160,4,0,3,0.7124999999554688,0.5937499999628906,2067.7572662830353,25.84696582853794
nwpu,160,4,0,3,0.5249999999671875,0.4937499999691406,1758.6338636875153,21.98292329609394
nwpu,160,4,0,3,0.5249999999671875,0.48749999996953125,2113.593987226486,26.419924840331078
nwpu,1280,3,0,3,0.6299999999685,0.6499999999675,13806.606476783752,172.5825809597969
mnist,160,4,0,3,0.8624999999460937,0.7124999999554688,1909.6887485980988,23.871109357476236
eurosat,160,4,0,3,0.4687499999707031,0.4749999999703125,2324.695848941803,29.058698111772536
nwpu,160,4,0,3,0.49999999996875,0.44999999997187495,2348.9600105285645,29.362000131607054
eurosat,160,4,0,3,0.4749999999703125,0.4749999999703125,2338.061809539795,29.225772619247437
mnist,1280,3,0,3,0.959374999992505,0.7914062499938173,15095.898372411728,188.6987296551466
mnist,160,4,0,4,0.5124999999679687,0.5124999999679687,2598.7341001033783,32.484176251292226
eurosat,160,4,0,4,0.4749999999703125,0.4749999999703125,2723.202132701874,34.04002665877342
nwpu,160,4,0,4,0.549999999965625,0.549999999965625,2881.4034419059753,36.01754302382469
mnist,160,4,0,4,0.5249999999671875,0.5249999999671875,2461.4086759090424,30.76760844886303
nwpu,1280,3,0,3,0.66499999996675,0.66499999996675,14595.909474849701,182.44886843562125
eurosat,160,4,0,4,0.4749999999703125,0.4749999999703125,2687.1415598392487,33.58926949799061
mnist,1280,3,0,3,0.7234374999943483,0.611718749995221,15060.44946861267,188.2556183576584
mnist,160,4,0,4,0.5437499999660156,0.5437499999660156,2667.6874001026154,33.34609250128269
nwpu,1280,3,0,3,0.6099999999694999,0.6099999999694999,13705.67323923111,171.32091549038887
nwpu,160,4,0,4,0.549999999965625,0.549999999965625,2990.4608731269836,37.3807609140873
nwpu,160,4,0,4,0.5562499999652344,0.5562499999652344,3017.861464738846,37.72326830923557
eurosat,160,4,0,4,0.4749999999703125,0.4749999999703125,2764.6995697021484,34.55874462127686
mnist,320,4,0,3,0.9499999999703125,0.818749999974414,3746.318760871887,46.82898451089859
eurosat,1280,3,0,3,0.48166666666265284,0.48166666666265284,16105.31472325325,201.31643404066563
eurosat,320,4,0,3,0.48124999998496093,0.4656249999854492,3741.163313627243,46.764541420340535
eurosat,1280,3,0,3,0.48583333332928474,0.48166666666265284,15501.443853855133,193.76804817318916
eurosat,1280,3,0,3,0.499166666662507,0.49583333332920143,18297.97472333908,228.7246840417385
nwpu,320,4,0,3,0.54499999997275,0.559999999972,4345.892648458481,54.32365810573101
mnist,320,4,0,3,0.918749999971289,0.7874999999753906,4152.969785451889,51.91212231814861
mnist,1280,3,0,3,0.9757812499923768,0.8148437499936341,16327.753467321396,204.09691834151744
eurosat,320,4,0,3,0.5531249999827148,0.509374999984082,3526.327226638794,44.079090332984926
nwpu,320,4,0,3,0.6099999999694999,0.60499999996975,4225.818780899048,52.822734761238095
eurosat,320,4,0,3,0.4499999999859375,0.4499999999859375,4094.491329431534,51.18114161789417
mnist,320,4,0,3,0.9531249999702148,0.828124999974121,4128.5672516822815,51.60709064602852
nwpu,320,4,0,3,0.59499999997025,0.5799999999709999,4426.107600927353,55.32634501159191
mnist,320,4,0,4,0.5937499999814453,0.5937499999814453,4985.001297235489,62.31251621544361
nwpu,320,4,0,4,0.6499999999675,0.6499999999675,4975.123283624649,62.189041045308116
nwpu,320,4,0,4,0.6299999999685,0.6299999999685,5087.074234485626,63.58842793107033
mnist,320,4,0,4,0.8468749999735351,0.8468749999735351,5189.9073650836945,64.87384206354618
nwpu,1280,3,0,4,0.6499999999675,0.6499999999675,18154.23720884323,226.92796511054038
eurosat,320,4,0,4,0.4499999999859375,0.4499999999859375,5561.82333779335,69.52279172241688
eurosat,320,4,0,4,0.4499999999859375,0.4499999999859375,5757.768050432205,71.97210063040257
nwpu,320,4,0,4,0.52499999997375,0.52499999997375,5681.210757017136,71.0151344627142
mnist,320,4,0,4,0.8374999999738281,0.8374999999738281,6367.926477432251,79.59908096790313
mnist,1280,3,0,4,0.6156249999951905,0.6156249999951905,19675.684067487717,245.94605084359645
eurosat,320,4,0,4,0.4499999999859375,0.4499999999859375,5733.3444056510925,71.66680507063866
nwpu,1280,3,0,4,0.69499999996525,0.69499999996525,20657.781777381897,258.2222722172737
mnist,640,4,0,3,0.9562499999850586,0.7749999999878906,7278.092459440231,90.97615574300289
eurosat,1280,3,0,4,0.4508333333295764,0.4508333333295764,21459.999185323715,268.2499898165464
eurosat,640,4,0,3,0.5265624999917724,0.5187499999918945,7124.245107412338,89.05306384265423
nwpu,1280,3,0,4,0.62499999996875,0.62499999996875,21332.385792016983,266.6548224002123
nwpu,640,4,0,3,0.5899999999705,0.5899999999705,7684.643640756607,96.05804550945759
nwpu,640,4,0,3,0.5899999999705,0.58499999997075,7045.494542360306,88.06868177950382
mnist,640,4,0,3,0.8109374999873291,0.7124999999888671,8171.69139456749,102.14614243209363
eurosat,640,4,0,3,0.5031249999921387,0.509374999992041,8002.770137786865,100.03462672233582
nwpu,640,4,0,3,0.6899999999655,0.69499999996525,8925.78300690651,111.57228758633137
mnist,640,4,0,3,0.9781249999847168,0.8046874999874267,9186.889265060425,114.8361158132553
eurosat,640,4,0,3,0.5203124999918701,0.5187499999918945,9474.579077720642,118.43223847150803
mnist,1280,3,0,4,0.8929687499930238,0.8929687499930238,24854.91117453575,310.6863896816969
eurosat,1280,3,0,4,0.479999999996,0.479999999996,24704.971683502197,308.8121460437775
mnist,20,5,0,3,0.5999999997,0.549999999725,259.7104878425598,3.2463810980319976
nwpu,20,5,0,3,0.49999999975,0.449999999775,238.69997477531433,2.9837496846914293
eurosat,20,5,0,3,0.3999999998,0.3999999998,236.0098741054535,2.950123426318169
nwpu,640,4,0,4,0.71499999996425,0.71499999996425,10544.461458444595,131.80576823055745
mnist,20,5,0,3,0.749999999625,0.649999999675,252.20364212989807,3.152545526623726
nwpu,20,5,0,3,0.49999999975,0.449999999775,269.1072437763214,3.363840547204018
eurosat,20,5,0,3,0.3999999998,0.3999999998,241.7474808692932,3.021843510866165
mnist,20,5,0,3,0.9499999995249999,0.749999999625,293.30003023147583,3.666250377893448
nwpu,20,5,0,3,0.449999999775,0.449999999775,243.29518127441406,3.041189765930176
mnist,640,4,0,4,0.618749999990332,0.618749999990332,11378.525629281998,142.23157036602498
eurosat,20,5,0,3,0.3999999998,0.3999999998,269.61123609542847,3.3701404511928557
mnist,20,5,0,4,0.549999999725,0.549999999725,312.14248728752136,3.901781091094017
nwpu,20,5,0,4,0.3999999998,0.3999999998,320.12123107910156,4.0015153884887695
eurosat,20,5,0,4,0.3999999998,0.3999999998,347.2922384738922,4.341152980923653
mnist,640,4,0,4,0.8468749999867675,0.8468749999867675,10543.942442178726,131.7992805272341
mnist,20,5,0,4,0.549999999725,0.549999999725,317.20056891441345,3.965007111430168
mnist,1280,3,0,4,0.8429687499934144,0.8429687499934144,26751.058970928192,334.3882371366024
nwpu,20,5,0,4,0.49999999975,0.49999999975,337.91409516334534,4.2239261895418165
mnist,20,5,0,4,0.549999999725,0.549999999725,335.36024713516235,4.192003089189529
nwpu,20,5,0,4,0.29999999985,0.29999999985,336.54187297821045,4.206773412227631
eurosat,20,5,0,4,0.3999999998,0.3999999998,354.51259779930115,4.431407472491264
eurosat,640,4,0,4,0.5218749999918457,0.5218749999918457,10357.174908399582,129.46468635499477
eurosat,20,5,0,4,0.3999999998,0.3999999998,332.29461884498596,4.153682735562325
eurosat,1280,3,0,4,0.5258333333289514,0.5258333333289514,27229.90580677986,340.37382258474827
nwpu,640,4,0,4,0.72499999996375,0.72499999996375,11074.403975963593,138.4300496995449
eurosat,640,4,0,4,0.5187499999918945,0.5187499999918945,11951.268298864365,149.39085373580457
nwpu,40,5,0,3,0.37499999990625,0.37499999990625,441.01509618759155,5.512688702344894
eurosat,40,5,0,3,0.499999999875,0.499999999875,443.6981644630432,5.54622705578804
mnist,40,5,0,3,0.52499999986875,0.52499999986875,448.4751195907593,5.605938994884491
mnist,40,5,0,3,0.499999999875,0.499999999875,521.9769299030304,6.52471162378788
nwpu,40,5,0,3,0.3999999999,0.3999999999,444.5105528831482,5.556381911039352
eurosat,40,5,0,3,0.499999999875,0.499999999875,442.5547561645508,5.531934452056885
mnist,40,5,0,3,0.92499999976875,0.8499999997875,490.7146303653717,6.133932879567146
nwpu,40,5,0,3,0.4499999998875,0.3999999999,455.44644379615784,5.693080547451973
nwpu,640,4,0,4,0.619999999969,0.619999999969,10920.719113349915,136.50898891687393
eurosat,40,5,0,3,0.499999999875,0.499999999875,541.503556728363,6.768794459104538
mnist,40,5,0,4,0.499999999875,0.499999999875,584.713472366333,7.308918404579162
nwpu,40,5,0,4,0.37499999990625,0.37499999990625,596.0360388755798,7.450450485944748
eurosat,40,5,0,4,0.499999999875,0.499999999875,592.2982285022736,7.40372785627842
nwpu,40,5,0,4,0.3999999999,0.3999999999,624.8650863170624,7.8108135789632795
eurosat,40,5,0,4,0.499999999875,0.499999999875,634.1366763114929,7.926708453893662
mnist,40,5,0,4,0.499999999875,0.499999999875,712.9983141422272,8.91247892677784
nwpu,40,5,0,4,0.37499999990625,0.37499999990625,675.7539219856262,8.446924024820328
mnist,40,5,0,4,0.499999999875,0.499999999875,697.7300474643707,8.721625593304633
eurosat,40,5,0,4,0.499999999875,0.499999999875,668.4299747943878,8.355374684929847
mnist,640,4,0,4,0.9109374999857666,0.9109374999857666,11823.665785551071,147.79582231938838
eurosat,80,5,0,3,0.42499999994687504,0.42499999994687504,896.2828278541565,11.203535348176956
nwpu,80,5,0,3,0.5374999999328125,0.46249999994218755,924.869157075882,11.560864463448524
nwpu,80,5,0,3,0.574999999928125,0.5374999999328125,891.5190253257751,11.143987816572189
eurosat,80,5,0,3,0.42499999994687504,0.42499999994687504,897.4517149925232,11.21814643740654
mnist,80,5,0,3,0.9124999998859376,0.7124999999109376,1047.0718364715576,13.08839795589447
mnist,80,5,0,3,0.7874999999015626,0.64999999991875,1136.5538582801819,14.206923228502273
eurosat,640,4,0,4,0.5218749999918457,0.5218749999918457,12136.023020982742,151.7002877622843
mnist,80,5,0,3,0.8874999998890626,0.7874999999015626,1102.2244892120361,13.777806115150451
eurosat,80,5,0,3,0.42499999994687504,0.42499999994687504,923.5598022937775,11.544497528672219
nwpu,80,5,0,3,0.5999999999250001,0.5249999999343751,955.9806199073792,11.94975774884224
mnist,80,5,0,4,0.4874999999390625,0.4874999999390625,1171.9013435840607,14.648766794800759
nwpu,80,5,0,4,0.5124999999359375,0.5124999999359375,1166.7231013774872,14.58403876721859
eurosat,80,5,0,4,0.42499999994687504,0.42499999994687504,1182.8260776996613,14.785325971245765
mnist,80,5,0,4,0.5999999999250001,0.5999999999250001,1289.8719947338104,16.12339993417263
nwpu,80,5,0,4,0.5249999999343751,0.5249999999343751,1272.983318567276,15.91229148209095
eurosat,80,5,0,4,0.42499999994687504,0.42499999994687504,1269.5770342350006,15.869712927937508
mnist,80,5,0,4,0.5874999999265625,0.5874999999265625,1459.4518563747406,18.243148204684257
nwpu,80,5,0,4,0.5124999999359375,0.5124999999359375,1518.034842967987,18.975435537099838
eurosat,80,5,0,4,0.42499999994687504,0.42499999994687504,1557.873775959015,19.473422199487686
eurosat,160,5,0,3,0.4687499999707031,0.4749999999703125,1857.2350115776062,23.215437644720076
nwpu,160,5,0,3,0.5437499999660156,0.5374999999664062,1883.9916608333588,23.549895760416984
mnist,160,5,0,3,0.7812499999511718,0.6562499999589844,2083.489998817444,26.04362498521805
mnist,160,5,0,3,0.7812499999511718,0.6249999999609375,1786.8006958961487,22.33500869870186
nwpu,160,5,0,3,0.5312499999667969,0.49999999996875,1780.3617143630981,22.254521429538727
nwpu,1280,4,0,3,0.68499999996575,0.6749999999662499,14187.830390691757,177.34787988364695
eurosat,160,5,0,3,0.48124999996992185,0.48749999996953125,1808.64293384552,22.608036673069
nwpu,160,5,0,3,0.48749999996953125,0.4687499999707031,1851.595163822174,23.144939547777177
eurosat,160,5,0,3,0.5062499999683594,0.5187499999675781,1799.02876329422,22.487859541177748
mnist,160,5,0,3,0.8312499999480468,0.69999999995625,1894.6945481300354,23.683681851625444
mnist,1280,4,0,3,0.959374999992505,0.7914062499938173,14713.6555519104,183.92069439888002
eurosat,1280,4,0,3,0.4924999999958959,0.4849999999959584,14363.037446260452,179.53796807825566
nwpu,1280,4,0,3,0.68499999996575,0.6749999999662499,14151.954992294312,176.8994374036789
mnist,160,5,0,4,0.5124999999679687,0.5124999999679687,2615.4469594955444,32.69308699369431
nwpu,160,5,0,4,0.5124999999679687,0.5124999999679687,2736.2053484916687,34.20256685614586
eurosat,160,5,0,4,0.4749999999703125,0.4749999999703125,2656.267322540283,33.20334153175354
mnist,1280,4,0,3,0.9007812499929627,0.7609374999940552,14768.953078269958,184.61191347837448
nwpu,160,5,0,4,0.5562499999652344,0.5562499999652344,2658.302269220352,33.2287783652544
eurosat,160,5,0,4,0.4749999999703125,0.4749999999703125,2693.1634538173676,33.664543172717096
mnist,160,5,0,4,0.5437499999660156,0.5437499999660156,2654.5916063785553,33.18239507973194
mnist,160,5,0,4,0.5249999999671875,0.5249999999671875,2840.118353366852,35.50147941708565
nwpu,160,5,0,4,0.5624999999648437,0.5624999999648437,2649.3187084198,33.116483855247495
eurosat,160,5,0,4,0.6562499999589844,0.6562499999589844,2790.943779706955,34.88679724633694
nwpu,1280,4,0,3,0.6099999999694999,0.59999999997,14623.251125097275,182.79063906371593
eurosat,320,5,0,3,0.5062499999841796,0.49687499998447265,3559.4174835681915,44.4927185446024
nwpu,320,5,0,3,0.5799999999709999,0.57499999997125,3648.314884185791,45.60393605232239
mnist,320,5,0,3,0.9499999999703125,0.818749999974414,3879.9709780216217,48.49963722527027
mnist,320,5,0,3,0.9249999999710937,0.7468749999766602,3866.8260409832,48.33532551229
mnist,1280,4,0,3,0.9757812499923768,0.8148437499936341,15405.412389993668,192.56765487492083
eurosat,320,5,0,3,0.46874999998535155,0.46249999998554686,3617.4461855888367,45.218077319860456
nwpu,320,5,0,3,0.659999999967,0.679999999966,4143.681983947754,51.796024799346924
mnist,320,5,0,3,0.9531249999702148,0.828124999974121,3894.381308078766,48.67976635098457
eurosat,1280,4,0,3,0.48916666666259034,0.48666666666261116,15825.300773143768,197.8162596642971
nwpu,320,5,0,3,0.56499999997175,0.559999999972,3960.083995819092,49.50104994773865
eurosat,1280,4,0,3,0.48083333332932643,0.48083333332932643,17210.5178129673,215.13147266209126
eurosat,320,5,0,3,0.4656249999854492,0.46249999998554686,4395.331156492233,54.94163945615291
mnist,320,5,0,4,0.5937499999814453,0.5937499999814453,4832.0790412425995,60.40098801553249
nwpu,320,5,0,4,0.679999999966,0.679999999966,4792.790436506271,59.909880456328395
eurosat,320,5,0,4,0.4499999999859375,0.4499999999859375,5058.449595928192,63.230619949102405
nwpu,320,5,0,4,0.699999999965,0.699999999965,5094.493300914764,63.681166261434555
mnist,320,5,0,4,0.8437499999736328,0.8437499999736328,5347.779394865036,66.84724243581294
eurosat,320,5,0,4,0.4499999999859375,0.4499999999859375,5389.300910949707,67.36626138687134
mnist,320,5,0,4,0.7874999999753906,0.7874999999753906,5681.692289113998,71.02115361392498
nwpu,320,5,0,4,0.7049999999647499,0.7049999999647499,5553.607318162918,69.42009147703648
nwpu,1280,4,0,4,0.679999999966,0.679999999966,19651.616824150085,245.64521030187606
eurosat,320,5,0,4,0.4499999999859375,0.4499999999859375,5905.9343638420105,73.82417954802513
mnist,1280,4,0,4,0.6156249999951905,0.6156249999951905,19992.391091108322,249.90488863885403
eurosat,1280,4,0,4,0.42166666666315283,0.42166666666315283,19996.533378839493,249.95666723549365
nwpu,640,5,0,3,0.66499999996675,0.6499999999675,7419.882328033447,92.7485291004181
nwpu,1280,4,0,4,0.68499999996575,0.68499999996575,20591.700326919556,257.3962540864944
nwpu,640,5,0,3,0.7349999999632499,0.7399999999629999,7267.263358592987,90.84079198241234
mnist,640,5,0,3,0.9562499999850586,0.7749999999878906,7735.523619651794,96.69404524564743
eurosat,640,5,0,3,0.4890624999923584,0.49687499999223633,7212.085469722748,90.15106837153435
eurosat,640,5,0,3,0.5187499999918945,0.5109374999920165,7767.163102149963,97.08953877687455
mnist,1280,4,0,4,0.8937499999930176,0.8937499999930176,21750.359986305237,271.8794998288155
mnist,640,5,0,3,0.8109374999873291,0.7124999999888671,8091.313335180283,101.14141668975353
eurosat,640,5,0,3,0.5078124999920655,0.5046874999921143,7467.69207906723,93.34615098834038
nwpu,640,5,0,3,0.57499999997125,0.58499999997075,7678.421671628952,95.9802708953619
mnist,640,5,0,3,0.9781249999847168,0.8046874999874267,8131.630370616913,101.64537963271141
eurosat,1280,4,0,4,0.479999999996,0.479999999996,21786.96656847,272.337082105875
nwpu,1280,4,0,4,0.63499999996825,0.63499999996825,21856.512061834335,273.2064007729292
mnist,20,6,0,3,0.5999999997,0.549999999725,217.17321014404297,2.7146651268005373
nwpu,20,6,0,3,0.49999999975,0.49999999975,218.09757566452026,2.7262196958065035
eurosat,20,6,0,3,0.3999999998,0.3999999998,216.9290955066681,2.711613693833351
mnist,20,6,0,3,0.8499999995749999,0.6999999996499999,218.33683681488037,2.7292104601860045
nwpu,20,6,0,3,0.449999999775,0.49999999975,220.8173007965088,2.7602162599563598
eurosat,20,6,0,3,0.3999999998,0.3999999998,219.58120369911194,2.744765046238899
mnist,20,6,0,3,0.9499999995249999,0.749999999625,221.2994363307953,2.766242954134941
nwpu,640,5,0,4,0.699999999965,0.699999999965,9967.069432258606,124.58836790323258
nwpu,20,6,0,3,0.49999999975,0.49999999975,221.36769580841064,2.767096197605133
eurosat,20,6,0,3,0.3999999998,0.3999999998,219.39069604873657,2.7423837006092073
mnist,20,6,0,4,0.549999999725,0.549999999725,292.5939540863037,3.6574244260787965
mnist,640,5,0,4,0.618749999990332,0.618749999990332,10277.423647165298,128.46779558956624
nwpu,20,6,0,4,0.3999999998,0.3999999998,290.4148247241974,3.630185309052467
eurosat,20,6,0,4,0.3999999998,0.3999999998,294.1660010814667,3.6770750135183334
nwpu,20,6,0,4,0.3999999998,0.3999999998,314.7248570919037,3.934060713648796
mnist,20,6,0,4,0.549999999725,0.549999999725,366.3209557533264,4.57901194691658
eurosat,20,6,0,4,0.3999999998,0.3999999998,313.2443685531616,3.91555460691452
mnist,20,6,0,4,0.549999999725,0.549999999725,336.3465883731842,4.204332354664802
nwpu,20,6,0,4,0.449999999775,0.449999999775,379.9050860404968,4.74881357550621
eurosat,20,6,0,4,0.3999999998,0.3999999998,326.9874920845032,4.0873436510562895
mnist,40,6,0,3,0.499999999875,0.499999999875,462.9900257587433,5.787375321984291
eurosat,40,6,0,3,0.499999999875,0.499999999875,432.6556932926178,5.4081961661577225
nwpu,40,6,0,3,0.37499999990625,0.37499999990625,529.4798672199249,6.618498340249062
nwpu,640,5,0,4,0.72499999996375,0.72499999996375,10616.791622400284,132.70989528000354
mnist,40,6,0,3,0.52499999986875,0.52499999986875,468.3202407360077,5.854003009200096
eurosat,40,6,0,3,0.499999999875,0.499999999875,529.1149849891663,6.613937312364579
nwpu,40,6,0,3,0.37499999990625,0.37499999990625,563.6428844928741,7.045536056160927
mnist,40,6,0,3,0.77499999980625,0.7499999998125,446.771311044693,5.584641388058662
nwpu,40,6,0,3,0.3999999999,0.3999999999,453.64739060401917,5.67059238255024
eurosat,640,5,0,4,0.5218749999918457,0.5218749999918457,11708.926427841187,146.36158034801483
eurosat,40,6,0,3,0.499999999875,0.499999999875,532.1114943027496,6.651393678784371
nwpu,40,6,0,4,0.37499999990625,0.37499999990625,585.1523225307465,7.31440403163433
mnist,40,6,0,4,0.499999999875,0.499999999875,710.357476234436,8.87946845293045
eurosat,40,6,0,4,0.499999999875,0.499999999875,589.0087707042694,7.362609633803368
mnist,40,6,0,4,0.499999999875,0.499999999875,752.0212714672089,9.40026589334011
eurosat,640,5,0,4,0.5218749999918457,0.5218749999918457,11369.224614143372,142.11530767679216
nwpu,40,6,0,4,0.37499999990625,0.37499999990625,708.6757457256317,8.858446821570396
eurosat,40,6,0,4,0.499999999875,0.499999999875,617.2713930606842,7.715892413258553
mnist,640,5,0,4,0.8953124999860107,0.8953124999860107,11422.032241821289,142.7754030227661
nwpu,640,5,0,4,0.69499999996525,0.69499999996525,11355.94422531128,141.949302816391
nwpu,40,6,0,4,0.3999999999,0.3999999999,669.2131359577179,8.365164199471474
mnist,40,6,0,4,0.499999999875,0.499999999875,797.3543572425842,9.966929465532303
eurosat,1280,4,0,4,0.4924999999958959,0.4924999999958959,26709.51534128189,333.8689417660236
eurosat,40,6,0,4,0.499999999875,0.499999999875,756.5322849750519,9.456653562188148
mnist,640,5,0,4,0.9046874999858643,0.9046874999858643,12832.827430963516,160.41034288704395
mnist,1280,4,0,4,0.9015624999929566,0.9015624999929566,27574.043446540833,344.6755430817604
mnist,80,6,0,3,0.7874999999015626,0.64999999991875,910.0956268310547,11.376195335388184
eurosat,80,6,0,3,0.42499999994687504,0.42499999994687504,882.319530248642,11.028994128108025
mnist,80,6,0,3,0.9124999998859376,0.7374999999078126,907.4689252376556,11.343361565470696
nwpu,80,6,0,3,0.5249999999343751,0.5124999999359375,1062.0675728321075,13.275844660401344
nwpu,80,6,0,3,0.5124999999359375,0.4874999999390625,959.3309860229492,11.991637325286865
eurosat,80,6,0,3,0.42499999994687504,0.42499999994687504,912.8764798641205,11.410955998301507
nwpu,80,6,0,3,0.5624999999296876,0.4874999999390625,910.4086577892303,11.38010822236538
mnist,80,6,0,3,0.8499999998937501,0.7624999999046875,1152.6350886821747,14.407938608527184
eurosat,640,5,0,4,0.5234374999918213,0.5234374999918213,12550.486776351929,156.88108470439911
eurosat,80,6,0,3,0.5999999999250001,0.574999999928125,1123.0331106185913,14.037913882732392
nwpu,80,6,0,4,0.5249999999343751,0.5249999999343751,1211.1593120098114,15.139491400122642
eurosat,80,6,0,4,0.42499999994687504,0.42499999994687504,1197.1149785518646,14.963937231898308
mnist,80,6,0,4,0.4874999999390625,0.4874999999390625,1411.7197782993317,17.646497228741644
mnist,80,6,0,4,0.5624999999296876,0.5624999999296876,1242.674947977066,15.533436849713326
nwpu,80,6,0,4,0.44999999994375006,0.44999999994375006,1240.5006580352783,15.506258225440979
eurosat,80,6,0,4,0.42499999994687504,0.42499999994687504,1425.523226261139,17.819040328264236
mnist,80,6,0,4,0.574999999928125,0.574999999928125,1431.1217036247253,17.889021295309067
nwpu,80,6,0,4,0.5374999999328125,0.5374999999328125,1372.0038471221924,17.150048089027404
eurosat,80,6,0,4,0.42499999994687504,0.42499999994687504,1341.954971075058,16.774437138438223
nwpu,1280,5,0,3,0.6499999999675,0.6449999999677499,13733.320865631104,171.6665108203888
nwpu,160,6,0,3,0.5249999999671875,0.5062499999683594,1975.7116043567657,24.696395054459572
mnist,160,6,0,3,0.7124999999554688,0.5937499999628906,2226.1713166236877,27.827141457796095
mnist,160,6,0,3,0.8499999999468749,0.6687499999582031,1913.4655139446259,23.918318924307822
nwpu,160,6,0,3,0.5124999999679687,0.4937499999691406,1838.5438086986542,22.981797608733178
eurosat,160,6,0,3,0.49999999996875,0.49999999996875,2274.0933289527893,28.426166611909867
mnist,160,6,0,3,0.8624999999460937,0.7124999999554688,1836.6802859306335,22.95850357413292
nwpu,1280,5,0,3,0.68499999996575,0.6749999999662499,13678.290181398392,170.9786272674799
nwpu,160,6,0,3,0.4937499999691406,0.48749999996953125,1815.2749364376068,22.690936705470087
eurosat,160,6,0,3,0.48124999996992185,0.48749999996953125,2080.1017394065857,26.001271742582322
mnist,1280,5,0,3,0.959374999992505,0.7914062499938173,14753.782484769821,184.42228105962278
eurosat,160,6,0,3,0.6437499999597656,0.6124999999617187,2173.052886724472,27.1631610840559
eurosat,160,6,0,4,0.4749999999703125,0.4749999999703125,2373.280635356903,29.66600794196129
nwpu,160,6,0,4,0.5562499999652344,0.5562499999652344,2443.8953824043274,30.54869228005409
mnist,160,6,0,4,0.5124999999679687,0.5124999999679687,2576.9255707263947,32.211569634079936
eurosat,1280,5,0,3,0.4874999999959375,0.48583333332928474,15102.850479841232,188.7856309980154
mnist,160,6,0,4,0.5249999999671875,0.5249999999671875,2616.568559885025,32.707106998562814
mnist,1280,5,0,3,0.9624999999924806,0.7593749999940674,14953.10637807846,186.91382972598075
eurosat,1280,5,0,3,0.479999999996,0.479999999996,15096.644737482071,188.70805921852588
nwpu,160,6,0,4,0.5562499999652344,0.5562499999652344,2700.9117918014526,33.76139739751816
nwpu,160,6,0,4,0.5562499999652344,0.5562499999652344,2744.2434039115906,34.30304254889488
mnist,160,6,0,4,0.5437499999660156,0.5437499999660156,2807.1711332798004,35.089639165997504
eurosat,160,6,0,4,0.4749999999703125,0.4749999999703125,3053.5070004463196,38.16883750557899
eurosat,160,6,0,4,0.5062499999683594,0.5062499999683594,2935.4399693012238,36.6929996162653
nwpu,320,6,0,3,0.6099999999694999,0.60499999996975,3554.9383766651154,44.43672970831394
eurosat,320,6,0,3,0.4656249999854492,0.46249999998554686,3509.213336467743,43.86516670584679
mnist,320,6,0,3,0.9499999999703125,0.818749999974414,3626.858032464981,45.33572540581226
nwpu,320,6,0,3,0.58499999997075,0.57499999997125,3554.160038471222,44.42700048089027
eurosat,1280,5,0,3,0.49333333332922225,0.49333333332922225,14856.529855966568,185.7066231995821
mnist,320,6,0,3,0.918749999971289,0.7874999999753906,4147.99001121521,51.84987514019012
mnist,1280,5,0,3,0.9757812499923768,0.8148437499936341,15881.892719984055,198.5236589998007
eurosat,320,6,0,3,0.4531249999858398,0.4499999999859375,4040.8268995285034,50.51033624410629
mnist,320,6,0,3,0.9531249999702148,0.828124999974121,3933.9289212226868,49.174111515283585
nwpu,1280,5,0,3,0.65499999996725,0.6449999999677499,16666.657711982727,208.3332213997841
nwpu,320,6,0,3,0.6099999999694999,0.6149999999692499,4003.927587032318,50.04909483790398
eurosat,320,6,0,3,0.6656249999791992,0.6499999999796875,3948.2052013874054,49.35256501734257
nwpu,320,6,0,4,0.7099999999644999,0.7099999999644999,4903.530229091644,61.294127863645556
mnist,320,6,0,4,0.5937499999814453,0.5937499999814453,5188.370316743851,64.85462895929814
eurosat,320,6,0,4,0.4499999999859375,0.4499999999859375,5030.667564868927,62.88334456086159
mnist,320,6,0,4,0.8468749999735351,0.8468749999735351,5255.943066358566,65.69928832948207
nwpu,1280,5,0,4,0.6449999999677499,0.6449999999677499,18800.914375782013,235.01142969727516
nwpu,320,6,0,4,0.719999999964,0.719999999964,5319.796415805817,66.4974551975727
eurosat,320,6,0,4,0.4499999999859375,0.4499999999859375,5348.928888082504,66.8616111010313
mnist,320,6,0,4,0.828124999974121,0.828124999974121,5944.389652967453,74.30487066209317
eurosat,320,6,0,4,0.5531249999827148,0.5531249999827148,6079.357595443726,75.99196994304657
nwpu,320,6,0,4,0.679999999966,0.679999999966,6336.434214830399,79.20542768537999
nwpu,1280,5,0,4,0.68499999996575,0.68499999996575,20811.503021240234,260.1437877655029
nwpu,640,6,0,3,0.6149999999692499,0.6149999999692499,7032.85685300827,87.91071066260338
nwpu,640,6,0,3,0.65499999996725,0.65499999996725,7161.135522842407,89.5141940355301
mnist,640,6,0,3,0.9562499999850586,0.7749999999878906,7254.772577524185,90.68465721905231
eurosat,1280,5,0,4,0.479999999996,0.479999999996,21172.179356575012,264.65224195718764
eurosat,640,6,0,3,0.5218749999918457,0.5187499999918945,7421.052057266235,92.76315071582795
mnist,640,6,0,3,0.8109374999873291,0.7124999999888671,7410.809356212616,92.6351169526577
eurosat,1280,5,0,4,0.47833333332934724,0.47833333332934724,22312.080318689346,278.9010039836168
mnist,1280,5,0,4,0.8937499999930176,0.8937499999930176,22290.47982120514,278.63099776506425
nwpu,1280,5,0,4,0.6699999999665,0.6699999999665,22278.61988711357,278.48274858891966
eurosat,640,6,0,3,0.5140624999919677,0.5109374999920165,7936.294651031494,99.20368313789368
mnist,640,6,0,3,0.9781249999847168,0.8046874999874267,7747.2412848472595,96.84051606059074
nwpu,640,6,0,3,0.6299999999685,0.6099999999694999,7964.517577648163,99.55646972060204
mnist,1280,5,0,4,0.6156249999951905,0.6156249999951905,23723.923176765442,296.54903970956804
eurosat,640,6,0,3,0.6156249999903809,0.5984374999906494,7781.3959267139435,97.26744908392429
mnist,20,7,0,3,0.5999999997,0.549999999725,219.5738663673401,2.744673329591751
nwpu,20,7,0,3,0.3999999998,0.449999999775,220.0839602947235,2.751049503684044
eurosat,20,7,0,3,0.3999999998,0.3999999998,220.6247477531433,2.7578093469142915
eurosat,1280,5,0,4,0.6449999999946251,0.6449999999946251,23376.58495783806,292.20731197297573
mnist,20,7,0,3,0.8499999995749999,0.6999999996499999,222.121235370636,2.7765154421329497
mnist,1280,5,0,4,0.8695312499932069,0.8695312499932069,23926.4957947731,299.08119743466375
nwpu,20,7,0,3,0.449999999775,0.449999999775,224.3709728717804,2.804637160897255
eurosat,20,7,0,3,0.3999999998,0.3999999998,221.4334201812744,2.76791775226593
mnist,20,7,0,3,0.549999999725,0.549999999725,265.6173963546753,3.320217454433441
nwpu,20,7,0,3,0.6999999996499999,0.5999999997,224.31486892700195,2.8039358615875245
eurosat,20,7,0,3,0.3999999998,0.3999999998,223.1273696422577,2.7890921205282213
mnist,20,7,0,4,0.549999999725,0.549999999725,298.3320393562317,3.729150491952896
eurosat,20,7,0,4,0.3999999998,0.3999999998,295.70838618278503,3.696354827284813
nwpu,20,7,0,4,0.449999999775,0.449999999775,325.7425649166107,4.071782061457634
mnist,20,7,0,4,0.549999999725,0.549999999725,315.47797203063965,3.9434746503829956
nwpu,20,7,0,4,0.449999999775,0.449999999775,317.69757413864136,3.971219676733017
eurosat,20,7,0,4,0.3999999998,0.3999999998,342.7303423881531,4.284129279851913
mnist,640,6,0,4,0.618749999990332,0.618749999990332,9795.685626745224,122.4460703343153
nwpu,640,6,0,4,0.719999999964,0.719999999964,9936.470712900162,124.20588391125202
mnist,20,7,0,4,0.549999999725,0.549999999725,342.9953384399414,4.287441730499268
nwpu,20,7,0,4,0.49999999975,0.49999999975,335.9012987613678,4.198766234517097
eurosat,20,7,0,4,0.3999999998,0.3999999998,363.6460289955139,4.545575362443924
nwpu,40,7,0,3,0.37499999990625,0.37499999990625,454.87016773223877,5.685877096652985
mnist,40,7,0,3,0.499999999875,0.499999999875,480.2718553543091,6.003398191928864
mnist,40,7,0,3,0.52499999986875,0.52499999986875,447.1005244255066,5.588756555318833
eurosat,40,7,0,3,0.499999999875,0.499999999875,554.45609998703,6.930701249837876
nwpu,40,7,0,3,0.37499999990625,0.37499999990625,512.4499144554138,6.4056239306926726
eurosat,40,7,0,3,0.499999999875,0.499999999875,447.9029414653778,5.598786768317223
mnist,40,7,0,3,0.92499999976875,0.8499999997875,503.510098695755,6.293876233696937
eurosat,640,6,0,4,0.5218749999918457,0.5218749999918457,10781.788811206818,134.77236014008523
nwpu,40,7,0,3,0.42499999989375,0.42499999989375,453.9989809989929,5.674987262487411
eurosat,40,7,0,3,0.499999999875,0.499999999875,555.0408334732056,6.93801041841507
nwpu,40,7,0,4,0.37499999990625,0.37499999990625,579.129314661026,7.239116433262825
mnist,40,7,0,4,0.499999999875,0.499999999875,658.4847819805145,8.231059774756432
eurosat,40,7,0,4,0.499999999875,0.499999999875,654.8881070613861,8.186101338267326
mnist,40,7,0,4,0.499999999875,0.499999999875,658.90633893013,8.236329236626625
nwpu,40,7,0,4,0.37499999990625,0.37499999990625,632.7967526912689,7.909959408640861
eurosat,40,7,0,4,0.499999999875,0.499999999875,736.9882125854492,9.212352657318116
mnist,40,7,0,4,0.499999999875,0.499999999875,686.2087216377258,8.577609020471574
nwpu,40,7,0,4,0.37499999990625,0.37499999990625,799.0566527843475,9.988208159804344
eurosat,40,7,0,4,0.499999999875,0.499999999875,733.5057964324951,9.16882245540619
nwpu,640,6,0,4,0.679999999966,0.679999999966,10925.671652317047,136.57089565396308
nwpu,80,7,0,3,0.5249999999343751,0.4874999999390625,888.4498386383057,11.10562298297882
eurosat,640,6,0,4,0.5218749999918457,0.5218749999918457,10881.093093156815,136.01366366446018
mnist,80,7,0,3,0.7874999999015626,0.64999999991875,963.0309216976166,12.037886521220207
mnist,640,6,0,4,0.9046874999858643,0.9046874999858643,11197.172899007797,139.96466123759745
eurosat,80,7,0,3,0.42499999994687504,0.42499999994687504,1078.6055123806,13.4825689047575
mnist,80,7,0,3,0.9249999998843751,0.724999999909375,979.6306598186493,12.245383247733116
eurosat,80,7,0,3,0.42499999994687504,0.42499999994687504,1028.0311789512634,12.850389736890794
nwpu,80,7,0,3,0.5624999999296876,0.5124999999359375,1150.783005475998,14.384787568449974
mnist,80,7,0,3,0.8999999998875001,0.7124999999109376,1086.5657963752747,13.582072454690934
nwpu,80,7,0,3,0.5999999999250001,0.5249999999343751,914.4179775714874,11.430224719643594
eurosat,80,7,0,3,0.42499999994687504,0.42499999994687504,959.0937788486481,11.988672235608101
eurosat,640,6,0,4,0.49218749999230954,0.49218749999230954,11116.248238563538,138.95310298204421
nwpu,640,6,0,4,0.619999999969,0.619999999969,11406.08160829544,142.576020103693
mnist,80,7,0,4,0.4874999999390625,0.4874999999390625,1283.5111634731293,16.043889543414117
nwpu,80,7,0,4,0.4874999999390625,0.4874999999390625,1194.7209577560425,14.93401197195053
mnist,80,7,0,4,0.6124999999234375,0.6124999999234375,1319.4583723545074,16.493229654431342
eurosat,80,7,0,4,0.42499999994687504,0.42499999994687504,1370.6687343120575,17.13335917890072
nwpu,80,7,0,4,0.54999999993125,0.54999999993125,1403.6855609416962,17.5460695117712
nwpu,80,7,0,4,0.5124999999359375,0.5124999999359375,1354.0383217334747,16.925479021668433
eurosat,80,7,0,4,0.42499999994687504,0.42499999994687504,1506.5686962604523,18.832108703255653
mnist,640,6,0,4,0.909374999985791,0.909374999985791,12301.88621544838,153.77357769310476
eurosat,80,7,0,4,0.42499999994687504,0.42499999994687504,1352.1140160560608,16.90142520070076
mnist,80,7,0,4,0.54999999993125,0.54999999993125,1473.0185005664825,18.41273125708103
nwpu,160,7,0,3,0.5124999999679687,0.48749999996953125,1768.7948782444,22.109935978055
eurosat,160,7,0,3,0.5062499999683594,0.49999999996875,1846.6063921451569,23.082579901814462
mnist,160,7,0,3,0.7812499999511718,0.6562499999589844,1967.7598474025726,24.596998092532157
mnist,160,7,0,3,0.7812499999511718,0.6249999999609375,1869.1514687538147,23.364393359422685
nwpu,160,7,0,3,0.5437499999660156,0.5312499999667969,1818.5774807929993,22.732218509912492
eurosat,160,7,0,3,0.5249999999671875,0.5124999999679687,2093.1520550251007,26.16440068781376
nwpu,160,7,0,3,0.5187499999675781,0.4437499999722656,1870.849886894226,23.385623586177825
mnist,160,7,0,3,0.8687499999457031,0.7124999999554688,2023.1127169132233,25.28890896141529
eurosat,160,7,0,3,0.5687499999644531,0.5312499999667969,2197.343562602997,27.46679453253746
nwpu,160,7,0,4,0.5562499999652344,0.5562499999652344,2371.416980266571,29.64271225333214
mnist,160,7,0,4,0.5124999999679687,0.5124999999679687,2398.8666064739227,29.985832580924033
eurosat,160,7,0,4,0.4749999999703125,0.4749999999703125,2679.164825439453,33.48956031799317
nwpu,1280,6,0,3,0.659999999967,0.659999999967,14284.649245738983,178.5581155717373
mnist,160,7,0,4,0.5062499999683594,0.5062499999683594,2603.9245574474335,32.54905696809292
eurosat,160,7,0,4,0.4749999999703125,0.4749999999703125,2612.5734968185425,32.65716871023178
nwpu,160,7,0,4,0.5562499999652344,0.5562499999652344,2768.578859567642,34.60723574459553
mnist,160,7,0,4,0.5062499999683594,0.5062499999683594,2735.7801744937897,34.197252181172374
nwpu,1280,6,0,3,0.699999999965,0.7049999999647499,13589.998448133469,169.87498060166837
eurosat,1280,6,0,3,0.5016666666624862,0.49333333332922225,14901.90716433525,186.27383955419063
nwpu,160,7,0,4,0.5562499999652344,0.5562499999652344,2860.302536725998,35.75378170907497
mnist,1280,6,0,3,0.9007812499929627,0.7609374999940552,14994.60332608223,187.43254157602786
eurosat,160,7,0,4,0.4749999999703125,0.4749999999703125,2886.8848078250885,36.08606009781361
nwpu,1280,6,0,3,0.6099999999694999,0.60499999996975,14126.971576452255,176.5871447056532
mnist,1280,6,0,3,0.959374999992505,0.7914062499938173,16712.12836742401,208.90160459280014
eurosat,1280,6,0,3,0.479999999996,0.48083333332932643,14399.081490039825,179.98851862549782
nwpu,320,7,0,3,0.58499999997075,0.58499999997075,3842.061183691025,48.02576479613781
mnist,320,7,0,3,0.9499999999703125,0.818749999974414,3921.126959323883,49.01408699154854
eurosat,1280,6,0,3,0.5816666666618195,0.5583333333286806,14671.849893808365,183.39812367260456
nwpu,320,7,0,3,0.6149999999692499,0.5899999999705,3585.5471510887146,44.81933938860893
eurosat,320,7,0,3,0.47499999998515624,0.46874999998535155,4069.3574409484863,50.86696801185608
mnist,1280,6,0,3,0.9757812499923768,0.8148437499936341,15327.42009973526,191.59275124669074
mnist,320,7,0,3,0.9249999999710937,0.7468749999766602,4259.312788724899,53.24140985906124
mnist,320,7,0,3,0.9687499999697265,0.8312499999740234,3911.386652469635,48.89233315587044
eurosat,320,7,0,3,0.5156249999838867,0.49687499998447265,4040.86695933342,50.510836991667745
nwpu,320,7,0,3,0.5799999999709999,0.5799999999709999,3588.4085409641266,44.855106762051584
eurosat,320,7,0,3,0.6031249999811523,0.5687499999822265,4231.727003335953,52.89658754169941
eurosat,320,7,0,4,0.4499999999859375,0.4499999999859375,4654.990735769272,58.1873841971159
nwpu,320,7,0,4,0.6899999999655,0.6899999999655,4889.18156170845,61.114769521355626
mnist,320,7,0,4,0.5937499999814453,0.5937499999814453,5300.963256597519,66.26204070746898
mnist,320,7,0,4,0.8468749999735351,0.8468749999735351,5608.371396303177,70.10464245378971
nwpu,320,7,0,4,0.699999999965,0.699999999965,5645.710281133652,70.57137851417065
nwpu,1280,6,0,4,0.69499999996525,0.69499999996525,18837.800184726715,235.47250230908395
mnist,320,7,0,4,0.8687499999728515,0.8687499999728515,5707.437817811966,71.34297272264958
eurosat,320,7,0,4,0.4499999999859375,0.4499999999859375,6045.901221513748,75.57376526892185
nwpu,320,7,0,4,0.56499999997175,0.56499999997175,5463.711228132248,68.2963903516531
eurosat,320,7,0,4,0.4499999999859375,0.4499999999859375,5748.994018793106,71.86242523491383
mnist,1280,6,0,4,0.6156249999951905,0.6156249999951905,20330.556000232697,254.1319500029087
mnist,640,7,0,3,0.9562499999850586,0.7749999999878906,7265.703428983688,90.8212928622961
mnist,640,7,0,3,0.9406249999853027,0.7078124999889405,6983.346821546555,87.29183526933193
nwpu,640,7,0,3,0.6749999999662499,0.66499999996675,7459.980243444443,93.24975304305553
nwpu,640,7,0,3,0.62499999996875,0.6149999999692499,7162.84038901329,89.53550486266613
eurosat,640,7,0,3,0.5218749999918457,0.5187499999918945,7542.934088230133,94.28667610287667
mnist,640,7,0,3,0.9796874999846924,0.8062499999874023,7383.69568157196,92.2961960196495
nwpu,1280,6,0,4,0.68499999996575,0.68499999996575,22155.22102022171,276.9402627527714
nwpu,1280,6,0,4,0.63499999996825,0.63499999996825,21599.670127391815,269.9958765923977
eurosat,1280,6,0,4,0.44249999999631257,0.44249999999631257,22479.507189512253,280.99383986890314
eurosat,640,7,0,3,0.4374999999931641,0.42812499999331055,7902.835983514786,98.78544979393482
eurosat,640,7,0,3,0.4437499999930664,0.4171874999934814,7532.2118763923645,94.15264845490455
eurosat,1280,6,0,4,0.48083333332932643,0.48083333332932643,22125.216420412064,276.5652052551508
mnist,1280,6,0,4,0.8921874999930298,0.8921874999930298,22860.46378135681,285.75579726696014
nwpu,640,7,0,3,0.6299999999685,0.619999999969,8936.154931306839,111.7019366413355
mnist,20,8,0,3,0.5999999997,0.549999999725,284.90397214889526,3.561299651861191
nwpu,20,8,0,3,0.49999999975,0.49999999975,252.45449137687683,3.1556811422109603
eurosat,20,8,0,3,0.3999999998,0.3999999998,251.76826214790344,3.147103276848793
nwpu,640,7,0,4,0.66499999996675,0.66499999996675,9726.003866434097,121.57504833042621
mnist,20,8,0,3,0.649999999675,0.5999999997,287.3438892364502,3.5917986154556276
nwpu,20,8,0,3,0.34999999982499996,0.49999999975,221.20990347862244,2.7651237934827804
eurosat,20,8,0,3,0.3999999998,0.3999999998,255.34565615653992,3.191820701956749
mnist,1280,6,0,4,0.9015624999929566,0.9015624999929566,24401.197826862335,305.0149728357792
mnist,20,8,0,3,0.8499999995749999,0.6999999996499999,238.29256105422974,2.978657013177872
mnist,640,7,0,4,0.618749999990332,0.618749999990332,10197.245360851288,127.4655670106411
nwpu,20,8,0,3,0.49999999975,0.3999999998,259.1743633747101,3.239679542183876
eurosat,20,8,0,3,0.3999999998,0.3999999998,249.29491686820984,3.116186460852623
eurosat,1280,6,0,4,0.6683333333277639,0.6683333333277639,24329.42577600479,304.1178222000599
mnist,20,8,0,4,0.549999999725,0.549999999725,294.4017291069031,3.6800216138362885
nwpu,20,8,0,4,0.3999999998,0.3999999998,307.4035656452179,3.8425445705652237
eurosat,20,8,0,4,0.3999999998,0.3999999998,327.826780796051,4.097834759950638
mnist,20,8,0,4,0.549999999725,0.549999999725,317.78032541275024,3.972254067659378
nwpu,20,8,0,4,0.3999999998,0.3999999998,312.8907198905945,3.911133998632431
eurosat,20,8,0,4,0.3999999998,0.3999999998,311.0868442058563,3.888585552573204
mnist,20,8,0,4,0.549999999725,0.549999999725,372.0457603931427,4.650572004914284
nwpu,20,8,0,4,0.3999999998,0.3999999998,371.9691400527954,4.649614250659942
eurosat,20,8,0,4,0.3999999998,0.3999999998,349.89648842811584,4.373706105351448
mnist,40,8,0,3,0.499999999875,0.499999999875,436.2086458206177,5.452608072757721
nwpu,40,8,0,3,0.37499999990625,0.37499999990625,435.5433392524719,5.444291740655899
eurosat,40,8,0,3,0.499999999875,0.499999999875,538.2821588516235,6.728526985645294
nwpu,40,8,0,3,0.37499999990625,0.37499999990625,468.2641623020172,5.853302028775215
mnist,40,8,0,3,0.52499999986875,0.52499999986875,579.4230256080627,7.2427878201007845
eurosat,40,8,0,3,0.499999999875,0.499999999875,443.65837478637695,5.545729684829712
mnist,40,8,0,3,0.92499999976875,0.8499999997875,473.209335565567,5.915116694569588
nwpu,40,8,0,3,0.3999999999,0.3999999999,462.42003178596497,5.780250397324562
eurosat,40,8,0,3,0.499999999875,0.499999999875,477.6606492996216,5.970758116245269
mnist,640,7,0,4,0.8468749999867675,0.8468749999867675,10383.424187421799,129.7928023427725
nwpu,40,8,0,4,0.37499999990625,0.37499999990625,587.2801053524017,7.341001316905022
eurosat,640,7,0,4,0.5218749999918457,0.5218749999918457,11224.397755622864,140.30497194528579
mnist,40,8,0,4,0.499999999875,0.499999999875,720.5588483810425,9.006985604763031
eurosat,40,8,0,4,0.499999999875,0.499999999875,573.8947491645813,7.173684364557266
mnist,40,8,0,4,0.499999999875,0.499999999875,685.4001662731171,8.567502078413963
eurosat,40,8,0,4,0.499999999875,0.499999999875,627.0866298675537,7.838582873344421
nwpu,40,8,0,4,0.37499999990625,0.37499999990625,643.3776941299438,8.042221176624299
nwpu,640,7,0,4,0.65499999996725,0.65499999996725,11259.46778178215,140.74334727227688
mnist,40,8,0,4,0.499999999875,0.499999999875,671.1678793430328,8.389598491787911
nwpu,40,8,0,4,0.37499999990625,0.37499999990625,713.9804105758667,8.924755132198333
eurosat,40,8,0,4,0.499999999875,0.499999999875,735.1494793891907,9.189368492364883
mnist,80,8,0,3,0.7874999999015626,0.64999999991875,865.6606075763702,10.820757594704627
eurosat,80,8,0,3,0.42499999994687504,0.42499999994687504,889.3939187526703,11.11742398440838
mnist,80,8,0,3,0.9249999998843751,0.724999999909375,912.3959257602692,11.404949072003365
nwpu,80,8,0,3,0.5249999999343751,0.5249999999343751,1065.8949263095856,13.32368657886982
nwpu,80,8,0,3,0.574999999928125,0.54999999993125,923.1960146427155,11.539950183033943
eurosat,80,8,0,3,0.42499999994687504,0.42499999994687504,907.5027589797974,11.343784487247467
eurosat,640,7,0,4,0.5218749999918457,0.5218749999918457,11666.38566160202,145.82982077002526
mnist,80,8,0,3,0.8499999998937501,0.7624999999046875,1044.2932403087616,13.05366550385952
nwpu,80,8,0,3,0.5999999999250001,0.5249999999343751,1043.712781906128,13.0464097738266
eurosat,640,7,0,4,0.5218749999918457,0.5218749999918457,11020.766439199448,137.75958048999308
eurosat,80,8,0,3,0.42499999994687504,0.42499999994687504,1086.6422748565674,13.583028435707092
mnist,640,7,0,4,0.9140624999857178,0.9140624999857178,11677.001399993896,145.9625174999237
nwpu,640,7,0,4,0.619999999969,0.619999999969,11865.450968265533,148.31813710331917
nwpu,80,8,0,4,0.49999999993750005,0.49999999993750005,1223.598081111908,15.29497601389885
mnist,80,8,0,4,0.4874999999390625,0.4874999999390625,1266.7147529125214,15.833934411406517
eurosat,80,8,0,4,0.42499999994687504,0.42499999994687504,1340.141187429428,16.75176484286785
nwpu,80,8,0,4,0.44999999994375006,0.44999999994375006,1292.7109570503235,16.158886963129042
eurosat,80,8,0,4,0.42499999994687504,0.42499999994687504,1256.3618669509888,15.704523336887359
mnist,80,8,0,4,0.6124999999234375,0.6124999999234375,1369.1213929653168,17.11401741206646
eurosat,80,8,0,4,0.42499999994687504,0.42499999994687504,1309.704350233078,16.371304377913475
mnist,80,8,0,4,0.574999999928125,0.574999999928125,1480.7907373905182,18.509884217381476
nwpu,80,8,0,4,0.5374999999328125,0.5374999999328125,1493.717072725296,18.6714634090662
mnist,160,8,0,3,0.7124999999554688,0.5937499999628906,1995.64772439003,24.945596554875372
nwpu,160,8,0,3,0.5312499999667969,0.5437499999660156,1927.4256315231323,24.092820394039155
nwpu,160,8,0,3,0.5312499999667969,0.5187499999675781,1804.9788217544556,22.562235271930696
mnist,160,8,0,3,0.7749999999515624,0.6249999999609375,1838.2817599773407,22.978521999716758
eurosat,160,8,0,3,0.48749999996953125,0.4937499999691406,1989.7819123268127,24.87227390408516
eurosat,160,8,0,3,0.4749999999703125,0.4749999999703125,1852.4974122047424,23.15621765255928
nwpu,160,8,0,3,0.4937499999691406,0.4437499999722656,1980.339611530304,24.7542451441288
eurosat,160,8,0,3,0.48124999996992185,0.48749999996953125,2086.1370193958282,26.076712742447853
mnist,160,8,0,3,0.8624999999460937,0.7124999999554688,2028.5586297512054,25.356982871890068
mnist,160,8,0,4,0.5124999999679687,0.5124999999679687,2334.0117843151093,29.175147303938864
eurosat,1280,7,0,3,0.5016666666624862,0.49666666666252784,14136.537382364273,176.7067172795534
nwpu,160,8,0,4,0.5562499999652344,0.5562499999652344,2574.0277931690216,32.17534741461277
mnist,1280,7,0,3,0.959374999992505,0.7914062499938173,14567.057046413422,182.08821308016778
eurosat,160,8,0,4,0.48124999996992185,0.48124999996992185,2786.3302793502808,34.82912849187851
nwpu,1280,7,0,3,0.6899999999655,0.6899999999655,14401.527223587036,180.01909029483795
eurosat,160,8,0,4,0.4749999999703125,0.4749999999703125,2591.9682354927063,32.39960294365883
mnist,160,8,0,4,0.5062499999683594,0.5062499999683594,2935.125232696533,36.68906540870667
nwpu,160,8,0,4,0.5562499999652344,0.5562499999652344,2718.7598469257355,33.98449808657169
mnist,160,8,0,4,0.5437499999660156,0.5437499999660156,2724.7914168834686,34.05989271104336
nwpu,160,8,0,4,0.5562499999652344,0.5562499999652344,2942.881141424179,36.78601426780224
eurosat,160,8,0,4,0.4749999999703125,0.4749999999703125,2838.448844432831,35.48061055541039
nwpu,1280,7,0,3,0.6499999999675,0.62499999996875,14034.661540985107,175.43326926231384
nwpu,1280,7,0,3,0.57499999997125,0.57499999997125,16926.042053222656,211.5755256652832
eurosat,1280,7,0,3,0.48166666666265284,0.48166666666265284,14579.807463169098,182.24759328961372
eurosat,320,8,0,3,0.4499999999859375,0.4499999999859375,3549.3490800857544,44.36686350107193
mnist,1280,7,0,3,0.9804687499923401,0.8273437499935364,14527.65122628212,181.59564032852649
mnist,1280,7,0,3,0.9624999999924806,0.7593749999940674,16947.25373649597,211.84067170619966
nwpu,320,8,0,3,0.68499999996575,0.6749999999662499,3872.435114145279,48.40543892681599
mnist,320,8,0,3,0.9499999999703125,0.818749999974414,4071.118061065674,50.88897576332092
nwpu,320,8,0,3,0.6449999999677499,0.63499999996825,3542.3905260562897,44.27988157570362
mnist,320,8,0,3,0.918749999971289,0.7874999999753906,3601.0254514217377,45.01281814277172
eurosat,1280,7,0,3,0.4983333333291806,0.4899999999959167,15432.41492486,192.90518656075
mnist,320,8,0,3,0.9624999999699219,0.8218749999743163,3660.137184858322,45.75171481072903
eurosat,320,8,0,3,0.5374999999832031,0.5312499999833984,4080.1388285160065,51.001735356450084
eurosat,320,8,0,3,0.6343749999801758,0.6312499999802734,3765.119269132614,47.063990864157674
nwpu,320,8,0,3,0.55499999997225,0.54499999997275,4457.236437797546,55.71545547246933
mnist,320,8,0,4,0.5937499999814453,0.5937499999814453,5015.7782390117645,62.697227987647054
eurosat,320,8,0,4,0.4531249999858398,0.4531249999858398,5122.474212884903,64.03092766106128
mnist,320,8,0,4,0.8437499999736328,0.8437499999736328,5279.423486471176,65.9927935808897
nwpu,320,8,0,4,0.71499999996425,0.71499999996425,5510.502655029297,68.88128318786622
nwpu,1280,7,0,4,0.6299999999685,0.6299999999685,18268.94368338585,228.3617960423231
